96																
期別	月	日	星期	落 球 號 碼						順 序 號 碼						特別號
1	1	2	二	27	31	13	49	23	21	13	21	23	27	31	49	19
2		5	五	19	44	42	48	23	12	12	19	23	42	44	48	33
3		9	二	28	39	35	45	26	44	26	28	35	39	44	45	18
4		12	五	26	31	33	10	28	16	10	16	26	38	31	33	44
5		16	二	28	38	13	33	43	48	13	28	33	38	43	48	4
6		19	五	46	45	44	26	6	27	6	26	27	44	45	46	2
7		23	二	44	15	7	31	36	6	6	7	15	31	36	44	29
8		26	五	36	34	8	26	18	13	8	13	18	26	34	36	17
9		30	二	45	6	26	18	39	42	6	18	26	39	42	45	14
10	2	2	五	48	10	12	7	8	47	7	8	10	12	47	48	38
11		6	二	16	26	32	48	12	41	12	16	26	32	41	48	1
12		9	五	45	7	28	41	48	30	7	28	30	41	45	48	44
13		13	二	2	46	25	39	8	43	2	8	25	39	43	46	13
14		16	五	34	48	44	19	27	18	18	19	27	34	44	48	37
15		20	二	1	19	45	38	33	13	1	13	19	33	38	45	36
16		23	五	13	39	48	25	5	30	5	13	25	30	39	48	36
17		27	二	49	39	6	36	48	22	6	22	36	39	48	49	28
18	3	2	五	15	39	49	32	12	24	12	15	24	32	39	49	6
19		6	二	33	2	15	46	16	31	2	15	16	31	33	46	40
20		9	五	21	14	23	31	20	12	12	14	20	21	23	31	45
21		13	二	41	4	22	13	24	26	4	13	22	24	26	41	28
22		16	五	35	43	28	49	36	38	28	35	36	38	43	49	47
23		20	二	47	37	14	15	25	49	14	15	25	37	47	49	13
24		23	五	19	32	17	20	5	6	5	6	17	19	20	32	18
25		27	二	39	11	21	42	43	4	4	11	21	39	42	43	10
26		30	五	14	45	46	40	33	31	14	31	33	40	45	46	49
27	4	3	二	39	49	45	4	10	43	4	10	39	43	45	49	33
28		6	五	18	22	37	34	35	10	10	18	22	34	35	37	41
29		10	二	20	6	42	2	47	4	2	4	6	20	42	47	39
30		13	五	23	31	15	5	33	28	5	15	23	28	31	33	49
31		17	二	45	48	31	8	44	40	8	31	40	44	45	48	6
32		20	五	49	9	15	44	19	16	9	15	16	19	44	49	37
33		24	二	40	38	8	20	25	22	8	20	22	25	38	40	41
34		27	五	42	32	10	38	9	29	9	10	29	32	38	42	37
35	5	1	二	24	28	49	34	45	21	21	24	28	34	45	49	46
36		4	五	6	38	40	22	44	34	6	22	34	38	40	44	15
																
96																
期別	月	日	星期	落 球 號 碼						順 序 號 碼						特別號
37	5	8	二	27	1	46	41	28	16	1	16	27	28	41	46	38
38		11	五	29	26	10	13	47	21	10	13	21	26	29	47	49
39		15	二	35	31	48	47	40	13	13	31	35	40	47	48	39
40		18	五	41	27	43	11	12	46	11	12	27	41	43	46	36
41		22	二	41	48	1	30	18	32	1	18	30	32	41	48	24
42		25	五	13	25	11	36	2	34	2	11	13	25	34	36	38
43		29	二	10	45	43	48	15	18	10	15	18	43	45	48	11
44	6	1	五	11	43	34	25	7	8	7	8	11	25	34	43	16
45		5	二	47	25	23	36	16	1	1	16	23	25	36	47	21
46		8	五	46	26	28	2	1	11	1	2	11	26	28	46	16
47		12	二	5	38	39	3	20	44	3	5	20	38	39	44	43
48		15	五	17	46	36	34	28	11	11	17	28	34	36	46	26
49		19	二	20	41	28	43	33	45	20	28	33	41	43	45	10
50		22	五	13	35	42	39	32	41	13	32	35	39	41	42	1
51		26	二	37	43	38	18	24	47	18	24	37	38	43	47	2
52		29	五	9	26	29	44	23	28	9	23	26	28	29	44	31
53	7	3	二	9	49	24	1	5	21	1	5	9	21	24	49	35
54		6	五	36	23	48	12	9	44	9	12	23	36	44	48	26
55		10	二	34	44	40	45	29	2	2	29	34	40	44	45	1
56		13	五	10	34	35	13	5	18	5	10	13	18	34	35	15
57		17	二	29	49	15	48	39	37	15	29	37	39	48	49	46
58		20	五	10	5	2	23	25	19	2	5	10	19	23	25	11
59		24	二	31	1	12	22	29	7	1	7	12	22	29	31	4
60		27	五	21	39	13	42	46	32	13	21	32	39	42	46	36
61		31	二	39	1	6	41	7	25	1	6	7	25	39	41	5
62	8	3	五	2	15	12	40	27	38	2	12	15	27	38	40	35
63		7	二	5	1	35	18	25	41	1	5	18	25	35	41	14
64		10	五	35	11	40	29	22	27	11	22	27	29	35	40	48
65		14	二	38	26	2	25	12	5	2	5	12	25	26	38	6
66		17	五	43	35	31	2	12	47	2	12	31	35	43	47	40
67		21	二	46	24	42	16	38	25	16	24	25	38	42	46	6
68		24	五	47	4	25	7	12	6	4	6	7	12	25	47	9
69		28	二	22	29	39	2	11	34	2	11	22	29	34	39	45
70		31	五	35	31	23	44	40	41	23	31	35	40	41	44	21
71	9	4	二	21	17	42	48	9	18	9	17	18	21	42	48	7
72		7	五	22	5	49	32	42	3	3	5	22	32	42	49	28
																
96																
期別	月	日	星期	落 球 號 碼						順 序 號 碼						特別號
73	9	11	二	28	18	14	3	22	36	3	14	18	22	28	36	47
74		14	五	45	22	27	15	2	48	2	15	22	27	45	48	32
75		18	二	20	46	29	37	31	25	20	25	29	31	37	46	49
76		21	五	39	16	24	35	31	1	1	16	24	31	35	39	21
77		25	二	8	42	38	28	10	12	8	10	12	28	38	42	33
78		28	五	16	19	8	30	9	17	8	9	16	17	19	30	45
79	10	2	二	49	3	4	9	24	8	3	4	8	9	24	49	23
80		5	五	19	48	26	29	10	3	3	10	19	26	29	48	18
81		9	二	40	36	47	9	38	46	9	36	38	40	46	47	13
82		12	五	9	28	26	37	20	23	9	20	23	26	28	37	44
83		16	二	38	7	18	40	11	5	5	7	11	18	38	40	31
84		19	五	36	15	28	17	46	22	15	17	22	28	36	46	24
85		23	二	49	25	29	10	47	34	10	25	29	34	47	49	17
86		26	五	36	21	13	3	11	16	3	11	13	16	21	36	26
87		30	二	4	9	11	41	49	47	1	4	9	17	19	41	7
88	11	2	五	48	10	4	44	28	45	4	10	28	44	45	48	39
89		6	二	43	44	10	1	27	40	1	10	27	40	43	44	2
90		9	五	24	12	6	1	2	18	1	2	6	12	18	24	25
91		13	二	37	16	17	5	3	32	3	5	16	17	32	37	24
92		16	五	16	39	42	20	46	22	16	20	22	39	42	46	38
93		20	二	1	22	20	16	17	42	1	16	17	20	22	42	29
94		23	五	43	46	1	49	23	22	1	22	23	43	46	49	33
95		27	二	8	47	12	36	34	16	8	12	16	34	36	47	33
96		30	五	15	8	19	45	16	30	8	15	16	19	30	45	44
97	12	4	二	1	43	16	38	44	31	1	16	31	38	43	44	42
98		7	五	8	17	28	32	34	10	8	10	17	28	32	34	42
99		11	二	10	43	27	16	20	15	10	15	16	20	27	43	19
100		14	五	34	1	17	27	26	39	1	17	26	27	34	39	13
101		18	二	13	7	4	19	49	23	4	7	13	19	23	49	17
102		21	五	20	28	15	22	19	44	15	19	20	22	28	44	42
103		25	二	31	9	37	5	18	6	5	6	9	18	31	37	32
104		28	五	12	18	10	22	16	29	10	12	16	18	22	29	30
																
																
																
																
本表謹供參考，中獎號碼以台灣彩券公司公佈之紀錄表為準   http://www.aok.url.tw   祝您中大獎																
97																
期別	月	日	星期	落 球 號 碼						順 序 號 碼						特別號
1	1	1	二	48	18	13	27	43	47	13	18	27	43	47	48	21
2		4	五	13	5	40	31	29	39	5	13	29	31	39	40	33
3		8	二	17	28	44	12	7	3	3	7	12	17	28	44	36
4		11	五	27	8	37	3	49	7	3	7	8	27	37	49	48
5		15	二	41	31	5	8	32	10	5	8	10	31	32	41	11
6		18	五	6	18	36	25	8	26	6	8	18	25	26	36	13
7		22	二	37	26	14	13	9	30	9	13	14	26	30	37	5
8		25	五	20	1	15	24	4	40	1	4	15	20	24	40	32
9		29	二	49	42	21	38	34	41	21	34	38	41	42	49	25
10	2	1	五	2	6	20	38	1	18	1	2	6	18	20	38	29
11		5	二	33	29	42	35	30	17	17	29	30	33	35	42	10
12		8	五	7	15	3	6	1	27	1	3	6	7	15	27	39
13		12	二	12	5	27	25	22	19	5	12	19	22	25	27	29
14		15	五	31	1	42	41	46	22	1	22	31	41	42	46	36
15		19	二	26	22	31	16	39	43	16	22	26	31	39	43	9
16		22	五	43	30	12	7	3	1	1	3	7	12	30	43	22
17		26	二	40	6	33	37	47	16	6	16	33	37	40	47	28
18		29	五	7	1	9	10	18	27	1	7	9	10	18	27	43
19	3	4	二	25	38	22	1	47	15	1	15	22	25	38	47	16
20		7	五	28	40	41	25	12	42	12	25	28	40	41	42	29
21		11	二	44	30	7	8	21	36	7	8	21	30	36	44	4
22		14	五	44	34	21	30	3	49	3	21	30	34	44	49	13
23		18	二	38	9	27	1	33	49	1	9	27	33	38	49	31
24		21	五	11	49	27	32	34	14	11	14	27	32	34	49	28
25		25	二	33	3	13	5	2	49	2	3	5	13	33	49	10
26		28	五	19	26	8	9	1	12	1	8	9	12	19	26	49
27	4	1	二	32	25	8	33	24	16	8	16	24	25	32	33	12
28		4	五	28	23	44	38	13	30	13	23	28	30	38	44	26
29		8	二	29	32	23	39	37	11	11	23	29	32	37	39	31
30		11	五	25	23	6	42	28	5	5	6	23	25	28	42	43
31		15	二	43	47	32	33	13	20	13	20	32	33	43	47	28
32		18	五	35	43	13	38	4	25	4	13	25	35	38	43	30
33		22	二	49	36	10	15	44	31	10	15	31	36	44	49	7
34		25	五	45	15	48	20	47	4	4	15	20	45	47	48	34
35		29	二	42	11	2	35	3	32	2	3	11	32	35	42	18
36	5	2	五	14	45	13	33	11	39	11	13	14	33	39	45	41
																
97																
期別	月	日	星期	落 球 號 碼						順 序 號 碼						特別號
37	5	6	二	9	23	46	10	15	48	9	10	15	23	46	48	38
38		9	五	15	43	36	23	48	17	15	17	23	36	43	48	21
39		13	二	41	31	37	38	11	47	11	31	37	38	41	47	18
40		16	五	22	7	26	3	21	40	3	7	21	22	26	40	41
41		20	二	45	17	8	47	14	42	8	14	17	42	45	47	39
42		23	五	11	37	44	29	2	10	2	10	11	29	37	44	13
43		27	二	4	15	49	24	41	7	4	7	15	24	41	49	30
44		30	五	42	12	8	20	32	11	8	11	12	20	32	42	30
45	6	3	二	31	1	27	20	29	24	1	20	24	27	29	31	4
46		6	五	22	31	20	42	1	40	1	20	22	31	40	42	38
47		10	二	22	19	39	14	20	34	14	19	20	22	34	39	37
48		13	五	8	39	31	20	7	21	7	8	20	21	31	39	6
49		17	二	41	32	15	40	7	1	1	7	15	32	40	41	9
50		20	五	24	28	3	39	20	21	3	20	21	24	28	39	23
51		24	二	8	20	2	43	33	7	2	7	8	20	33	43	4
52		27	五	41	38	2	9	10	1	1	2	9	10	38	41	31
53	7	1	二	48	15	43	35	24	20	15	20	24	35	43	48	9
54		4	五	21	10	43	49	6	17	6	10	17	21	43	49	33
55		8	二	32	33	14	36	23	42	14	23	32	33	36	42	3
56		11	五	34	7	21	23	22	36	7	21	22	23	34	36	11
57		15	二	6	16	21	45	37	36	6	16	21	36	37	45	40
58		18	五	38	9	4	15	6	20	4	6	9	15	20	38	27
59		22	二	1	29	30	33	25	17	1	17	25	29	30	33	47
60		25	五	19	25	29	7	43	35	7	19	25	29	35	43	1
61		29	二	41	39	43	45	16	42	16	39	41	42	43	45	14
62	8	1	五	37	38	7	22	18	11	7	11	18	22	37	38	30
63		5	二	29	10	41	44	5	45	5	10	29	41	44	45	6
64		8	五	35	16	8	33	49	20	8	16	20	33	35	49	24
65		12	二	43	16	24	33	22	49	16	22	24	33	43	49	45
66		15	五	23	8	24	43	14	44	8	14	23	24	43	44	4
67		19	二	39	43	16	2	25	35	2	16	25	35	39	43	26
68		22	五	4	37	8	26	31	5	4	5	8	26	31	37	10
69		26	二	23	18	24	2	4	6	2	4	6	18	23	24	32
70		29	五	28	24	2	25	26	46	2	24	25	26	28	46	49
71	9	2	二	3	34	25	21	10	2	2	3	10	21	25	34	47
72		5	五	2	32	33	22	14	3	2	3	14	22	32	33	24
																
97																
期別	月	日	星期	落 球 號 碼						順 序 號 碼						特別號
73	9	9	二	46	23	28	10	35	27	10	23	27	28	35	46	2
74		12	五	34	37	16	9	18	1	1	9	16	18	34	37	12
75		16	二	2	31	44	32	46	25	2	25	31	32	44	46	7
76		19	五	23	2	13	48	28	35	2	13	23	28	35	48	18
77		23	二	20	22	29	35	2	9	2	9	20	22	29	35	38
78		26	五	42	30	15	41	29	36	15	29	30	36	41	42	39
79		30	二	22	9	13	1	7	27	1	7	9	13	22	27	34
80	10	3	五	18	41	48	19	37	45	18	19	37	41	45	48	9
81		7	二	33	1	34	20	29	28	1	20	28	29	33	34	40
82		10	五	13	24	14	41	20	47	13	14	20	24	41	47	6
83		14	二	28	46	30	8	44	43	8	28	30	43	44	46	12
84		17	五	5	36	28	11	15	19	5	11	15	19	28	36	46
85		21	二	4	30	7	8	2	18	2	4	7	8	18	30	33
86		24	五	49	14	6	9	5	8	5	6	8	9	14	49	3
87		28	二	12	14	2	36	41	7	2	7	12	14	36	41	35
88		31	五	9	1	47	11	19	3	1	3	9	11	19	47	40
89	11	4	二	40	32	19	11	20	13	11	13	19	20	32	40	9
90		7	五	33	25	40	15	30	46	15	25	30	33	40	46	18
91		11	二	45	39	11	33	13	34	11	13	33	34	39	45	15
92		14	五	36	7	23	43	35	15	7	15	23	35	36	43	8
93		18	二	34	39	17	29	14	20	14	17	20	29	34	39	7
94		21	五	37	17	16	30	28	21	16	17	21	28	30	37	9
95		25	二	15	39	46	49	4	26	4	15	26	39	46	49	11
96		28	五	5	1	17	7	16	41	1	5	7	16	17	41	20
97	12	2	二	21	7	37	30	49	29	7	21	29	30	37	49	36
98		5	五	2	8	44	40	3	31	2	3	8	31	40	44	45
99		9	二	26	16	41	6	1	5	1	5	6	16	26	41	48
100		12	五	34	28	42	39	2	36	2	28	34	36	39	42	24
101		16	二	35	40	25	26	39	14	14	25	26	35	39	40	37
102		19	五	10	30	15	38	45	3	3	10	15	30	38	45	41
103		23	二	23	45	2	25	7	39	2	7	23	25	39	45	22
104		26	五	40	18	37	8	33	15	8	15	18	33	37	40	32
105		30	二	25	9	39	26	36	3	3	9	25	26	36	39	35
																
																
																
																
98																
期別	月	日	星期	落 球 號 碼						順 序 號 碼						特別號
1	1	2	五	26	38	6	2	35	23	2	6	23	26	35	38	11
2		6	二	21	20	15	29	33	4	4	15	20	21	29	33	16
3		9	五	37	30	45	27	4	15	4	15	27	30	37	45	19
4		13	二	18	48	47	4	11	33	4	11	18	33	47	48	30
5		16	五	8	40	24	26	33	25	8	24	25	26	33	40	13
6		20	二	40	23	22	7	21	43	7	21	22	23	40	43	34
7		23	五	10	28	11	40	38	21	10	11	21	28	38	40	29
8		27	二	32	13	27	35	38	14	13	14	27	32	35	38	48
9		30	五	10	5	41	39	2	23	2	5	10	23	39	41	48
10	2	3	二	14	43	3	42	23	10	3	10	14	23	42	43	34
11		6	五	10	32	7	21	27	4	4	7	10	21	27	32	37
12		10	二	18	48	12	46	9	30	9	12	18	30	46	48	42
13		13	五	3	24	2	42	45	7	2	3	7	24	42	45	10
14		17	二	43	22	36	21	16	5	5	16	21	22	36	43	28
15		20	五	1	40	13	49	34	24	1	13	24	34	40	49	37
16		24	二	4	25	38	23	11	46	4	11	23	25	38	46	17
17		27	五	34	17	26	19	36	13	13	17	19	26	34	36	2
18	3	3	二	45	26	7	28	34	14	7	14	26	28	34	45	9
19		6	五	13	26	31	32	21	6	6	13	21	26	31	32	30
20		10	二	13	38	28	36	9	26	9	13	26	28	36	38	46
21		13	五	47	24	46	45	32	9	9	24	32	45	46	47	33
22		17	二	35	5	23	18	29	1	1	5	18	23	29	35	27
23		20	五	31	18	7	11	2	9	2	7	9	11	18	31	5
24		24	二	18	29	21	25	7	2	2	7	18	21	25	29	32
25		27	五	1	28	18	34	40	2	1	2	18	28	34	40	25
26		31	二	25	16	47	31	23	13	13	16	23	25	31	47	36
27	4	3	五	36	33	44	6	42	45	6	33	36	42	44	45	48
28		7	二	43	46	24	12	31	3	3	12	24	31	43	46	42
29		10	五	25	36	40	44	8	9	8	9	25	36	40	44	17
30		14	二	45	23	8	48	2	20	2	8	20	23	45	48	43
31		17	五	24	38	21	18	22	16	16	18	21	22	24	38	34
32		21	二	16	36	11	27	39	23	11	16	23	27	36	39	35
33		24	五	24	20	49	42	13	21	13	20	21	24	42	49	43
34		28	二	18	5	39	30	43	29	5	18	29	30	39	43	26
35	5	1	五	5	38	21	43	3	26	3	5	21	26	38	43	32
36		5	二	45	37	12	15	42	47	12	15	37	42	45	47	29
																
98																
期別	月	日	星期	落 球 號 碼						順 序 號 碼						特別號
37	5	8	五	3	22	19	24	31	15	3	15	19	22	24	31	5
38		12	二	44	20	39	3	1	26	1	3	20	26	39	44	30
39		15	五	7	18	5	15	45	14	5	7	14	15	18	45	11
40		19	二	38	46	32	11	31	48	11	31	32	38	46	48	42
41		22	五	18	1	32	2	40	16	1	2	16	18	32	40	15
42		26	二	39	8	48	41	3	33	3	8	33	39	41	48	32
43		29	五	45	36	21	29	34	30	21	29	30	34	36	45	49
44	6	2	二	46	11	34	12	20	28	11	12	20	28	34	46	41
45		5	五	6	27	44	42	49	23	6	23	27	42	44	49	15
46		9	二	26	44	49	35	36	27	26	27	35	36	44	49	42
47		12	五	44	43	12	41	32	13	12	13	32	41	43	44	21
48		16	二	8	5	25	30	10	3	3	5	8	10	25	30	15
49		19	五	40	23	2	12	42	19	2	12	19	23	40	42	9
50		23	二	49	43	22	21	6	29	6	21	22	29	43	49	48
51		26	五	38	6	12	43	45	33	6	12	33	38	43	45	49
52		30	二	34	26	7	4	9	21	4	7	9	21	26	34	28
53	7	3	五	40	41	19	47	17	32	17	19	32	40	41	47	37
54		7	二	47	31	25	39	37	2	2	25	31	37	39	47	35
55		10	五	8	46	3	21	30	26	3	8	21	26	30	46	11
56		14	二	41	37	44	4	15	5	4	5	15	37	41	44	8
57		17	五	11	13	38	16	9	42	9	11	13	16	38	42	6
58		21	二	39	28	48	17	27	5	5	17	27	28	39	48	44
59		24	五	40	1	7	22	47	3	1	3	7	22	40	47	15
60		28	二	2	49	13	15	25	10	2	10	13	15	25	49	4
61		31	五	7	4	10	9	24	42	4	7	9	10	24	42	41
62	8	4	二	23	21	27	48	44	2	2	21	23	27	44	48	30
63		7	五	26	2	31	15	1	49	1	2	15	26	31	49	43
64		11	二	24	46	27	3	30	28	3	24	27	28	30	46	42
65		14	五	39	8	4	26	15	49	4	8	15	26	39	49	34
66		18	二	18	47	31	11	46	12	11	12	18	31	46	47	27
67		21	五	42	32	37	11	13	43	11	13	32	37	42	43	20
68		25	二	38	9	1	7	21	15	1	7	9	15	21	38	31
69		28	五	39	23	45	44	12	48	12	23	39	44	45	48	47
70	9	1	二	26	8	19	36	12	7	7	8	12	19	26	36	9
71		4	五	40	5	49	31	28	36	5	28	31	36	40	49	20
72		8	二	12	15	19	8	11	20	8	11	12	15	19	20	34
																
98																
期別	月	日	星期	落 球 號 碼						順 序 號 碼						特別號
73	9	11	五	33	48	16	18	31	10	10	16	18	31	33	48	7
74		15	二	36	2	4	43	48	26	2	4	26	36	43	48	30
75		18	五	38	2	8	9	4	26	2	4	8	9	26	38	23
76		22	二	21	8	12	3	42	4	3	4	8	12	21	42	48
77		25	五	9	37	13	1	33	16	1	9	13	16	33	37	4
78		29	二	27	32	17	47	37	45	17	27	32	37	45	47	25
79	10	2	五	9	25	15	30	35	28	9	15	25	28	30	35	22
80		6	二	33	26	14	22	9	15	9	14	15	22	26	33	16
81		9	五	14	10	33	17	41	40	10	14	17	33	40	41	12
82		13	二	49	40	44	28	5	13	5	13	28	40	44	49	43
83		16	五	43	15	30	13	20	29	13	15	20	29	30	43	1
84		20	二	11	14	46	1	12	41	1	11	12	14	41	46	45
85		23	五	6	34	19	18	21	5	5	6	18	19	21	34	10
86		27	二	2	46	28	42	12	32	2	12	28	32	42	46	23
87		30	五	37	8	4	20	39	12	4	8	12	20	37	39	30
88	11	3	二	13	34	5	26	29	20	5	13	20	26	29	34	30
89		6	五	46	45	10	1	2	44	1	2	10	44	45	46	22
90		10	二	2	25	42	7	22	26	2	7	22	25	26	42	44
91		13	五	47	33	13	32	38	25	13	25	32	33	38	47	26
92		17	二	10	34	1	8	49	4	1	4	8	10	34	49	46
93		20	五	31	13	26	15	5	20	5	13	15	20	26	31	35
94		24	二	13	40	23	27	2	7	2	7	13	23	27	40	4
95		27	五	5	19	15	26	6	1	1	5	6	15	19	26	14
96	12	1	二	27	11	23	29	49	38	11	23	27	29	38	49	40
97		4	五	13	2	3	22	19	39	2	3	13	19	22	39	21
98		8	二	19	4	32	16	39	27	4	16	19	27	32	39	21
99		11	五	36	12	48	20	29	15	12	15	20	29	36	48	31
100		15	二	43	48	38	44	35	4	4	35	38	43	44	48	37
101		18	五	16	32	45	43	3	42	3	16	32	42	43	45	6
102		22	二	10	11	24	27	14	47	10	11	14	24	27	47	32
103		25	五	9	22	42	12	47	30	9	12	22	30	42	47	27
104		29	二	48	21	25	12	42	29	12	21	25	29	42	48	6
																
																
																
																
																
98																
期別	月	日	星期	落 球 號 碼						順 序 號 碼						特別號
1	1	1	五	22	20	23	2	16	27	2	16	20	22	23	27	46
2		5	二	23	38	11	24	18	40	11	18	24	32	38	40	47
3		8	五	1	43	21	45	19	8	1	8	19	21	43	45	30
4		12	二	36	1	48	23	46	34	1	23	34	36	46	48	18
5		15	五	47	4	49	7	26	41	4	7	26	41	47	49	3
6		19	二	32	35	25	45	24	13	13	24	25	32	35	45	5
7		22	五	3	23	24	31	32	46	3	23	24	31	32	46	47
8		26	二	26	39	40	33	28	25	25	26	28	33	39	40	10
9		29	五	34	18	16	49	29	44	16	18	29	34	44	49	8
10	2	2	二	27	15	21	8	41	18	9	15	18	21	27	41	46
11		5	五	36	1	19	5	33	14	1	5	14	19	33	36	16
12		9	二	32	9	13	35	45	34	9	13	32	34	35	45	38
13		12	五	32	1	23	40	14	31	1	14	23	31	32	40	35
14		16	二	49	29	26	43	36	5	5	26	29	36	43	49	12
15		19	五	27	43	14	30	12	37	12	14	27	30	37	43	36
16		23	二	45	19	5	40	48	23	5	19	23	40	45	48	6
17		26	五	22	6	47	32	5	34	5	6	22	32	34	47	1
18	3	2	二	34	38	2	33	3	9	2	3	9	33	34	38	45
19		5	五	22	35	38	21	3	15	3	15	21	22	35	38	4
20		9	二	12	36	16	7	14	5	5	7	12	14	16	36	4
21		12	五	38	31	35	18	23	19	18	19	23	31	35	38	22
22		16	二	26	36	39	46	37	41	26	36	37	39	41	46	4
23		19	五	8	22	49	18	5	29	5	8	18	22	29	49	47
24		23	二	37	22	35	48	11	28	11	22	28	35	37	48	49
25		26	五	36	17	19	9	23	35	9	17	19	23	35	36	34
26		30	二	16	46	47	49	37	41	16	37	41	46	47	49	14
27	4	2	五	48	6	21	41	1	16	1	6	16	21	41	48	12
28		6	二	9	23	31	28	27	41	9	23	27	28	31	41	44
29		9	五	49	36	40	4	5	29	4	5	29	36	40	49	26
30		13	二	14	49	46	34	42	12	12	14	34	42	46	49	25
31		16	五	34	31	1	24	40	30	1	24	30	31	34	40	43
32		20	二	7	41	23	32	2	21	2	7	21	23	32	41	42
33		23	五	47	45	4	30	3	49	3	4	30	45	47	49	27
34		27	二	34	35	12	48	14	16	12	14	16	34	35	48	43
35		30	五	44	35	37	39	8	36	8	35	36	37	39	44	20
36	5	4	二	15	35	4	32	34	23	4	15	23	32	34	35	18
																
99																
期別	月	日	星期	落 球 號 碼						順 序 號 碼						特別號
37	5	7	五	38	23	49	28	19	32	19	23	28	32	38	49	20
38		11	二	42	45	11	13	33	29	11	13	29	33	42	45	2
39		14	五	16	28	47	6	21	3	3	6	16	21	28	47	18
40		18	二	33	3	6	27	14	28	3	6	14	27	28	33	5
41		21	五	44	12	27	16	47	4	4	12	16	27	44	47	39
42		25	二	1	30	43	32	20	34	1	20	30	32	34	43	3
43		28	五	20	43	19	3	26	18	3	18	19	20	26	43	10
44	6	1	二	2	40	5	15	35	28	2	5	15	28	35	40	1
45		4	五	39	27	28	15	11	37	11	15	27	28	37	39	4
46		8	二	46	40	42	24	8	25	8	24	25	40	42	46	10
47		11	五	42	43	20	21	27	1	1	20	21	27	42	43	26
48		15	二	27	2	4	20	17	44	2	4	17	20	27	44	24
49		18	五	48	26	2	5	15	20	2	5	15	20	26	48	8
50		22	二	15	9	36	26	42	28	9	15	26	28	36	42	40
51		25	五	47	11	27	24	46	39	11	24	27	39	46	47	20
52		29	二	1	4	11	48	20	18	1	4	11	18	20	48	5
53	7	2	五	23	32	45	7	20	10	7	10	20	23	32	45	17
54		6	二	5	21	48	43	25	11	5	11	21	25	43	48	31
55		9	五	24	35	32	11	25	33	11	24	25	32	33	35	23
56		13	二	2	31	34	5	8	15	2	5	8	15	31	34	12
57		16	五	17	16	32	20	18	45	16	17	18	20	32	45	9
58		20	二	23	29	5	43	27	22	5	22	23	27	29	43	47
59		23	五	43	49	42	15	8	22	8	15	22	42	43	49	7
60		27	二	38	33	44	49	15	3	3	15	33	38	44	49	30
61		30	五	11	14	8	36	12	23	8	11	12	14	23	36	45
62	8	3	二	3	25	49	15	13	29	3	13	15	25	29	49	9
63		6	五	19	47	22	28	10	21	10	19	21	22	28	47	39
64		10	二	24	25	40	28	3	38	3	24	25	28	38	40	11
65		13	五	36	2	22	30	48	13	2	13	22	30	36	48	9
66		17	二	6	18	19	14	20	42	6	14	18	19	20	42	9
67		20	五	8	28	21	44	38	33	8	21	28	33	38	44	27
68		24	二	6	45	47	30	8	48	6	8	30	45	47	48	29
69		27	五	27	14	47	30	42	8	8	14	27	30	42	47	29
70		31	二	4	20	7	31	43	23	4	7	20	23	31	43	47
71	9	3	五	5	7	38	47	18	20	5	7	18	20	38	47	37
72		7	二	4	8	43	16	3	41	3	4	8	16	41	43	22
																
99																
期別	月	日	星期	落 球 號 碼						順 序 號 碼						特別號
73	9	10	五	41	10	18	42	14	49	10	14	18	41	42	49	24
74		14	二	19	44	26	2	1	22	1	2	19	22	26	44	3
75		17	五	24	35	12	39	13	34	12	13	24	34	35	39	14
76		21	二	1	22	45	39	35	38	1	22	35	38	39	45	8
77		24	五	36	8	2	29	42	44	2	8	29	36	42	44	22
78		28	二	3	4	32	19	22	40	3	4	19	22	32	40	11
79	10	1	五	23	37	12	38	48	8	8	12	23	37	38	48	20
80		5	二	14	16	32	21	43	35	14	16	21	32	35	43	49
81		8	五	39	48	14	41	11	3	3	11	14	39	41	48	6
82		12	二	31	8	9	20	10	40	8	9	10	20	31	40	25
83		15	五	46	28	30	1	20	11	1	11	20	28	30	46	10
84		19	二	36	12	21	35	27	37	12	21	27	35	36	37	8
85		22	五	1	18	49	13	4	8	1	4	8	13	18	49	3
86		26	二	3	43	22	35	14	44	3	14	22	35	43	44	26
87		29	五	27	19	13	4	28	26	4	13	19	26	27	28	33
88	11	2	二	5	34	36	39	4	21	4	5	21	34	36	39	28
89		5	五	47	28	16	5	8	13	5	8	13	16	28	47	46
90		9	二	21	31	30	5	36	7	5	7	21	30	31	36	49
91		12	五	39	10	37	3	23	36	3	10	23	36	37	39	15
92		16	二	2	10	7	12	43	15	2	7	10	12	15	43	22
93		19	五	43	3	40	45	44	6	3	6	40	43	44	45	41
94		23	二	2	26	3	32	48	30	2	3	26	30	32	48	41
95		26	五	22	23	44	35	18	49	18	22	23	35	44	49	26
96		30	二	7	24	8	36	34	38	7	8	24	34	36	38	16
97	12	3	五	38	23	17	48	33	43	17	23	33	38	43	48	19
98		7	二	30	37	38	49	21	22	21	22	30	37	38	49	34
99		10	五	17	22	26	33	29	1	1	17	22	26	29	33	3
100		14	二	15	41	16	20	32	17	15	16	17	20	32	41	8
101		17	五	41	9	30	35	28	25	9	25	28	30	35	41	12
102		21	二	23	38	12	35	45	1	1	12	23	35	38	45	26
103		24	五	48	27	16	49	43	39	16	27	39	43	48	49	1
104		28	二	36	13	17	2	27	31	2	13	17	27	31	36	18
105		31	五	9	4	39	38	27	36	4	9	27	36	38	39	2
																
																
																
																
100																
期別	月	日	星期	落 球 號 碼						順 序 號 碼						特別號
1	1	4	二	19	14	37	23	47	35	14	19	23	35	37	47	42
2		7	五	34	35	13	47	11	49	11	13	34	35	47	49	20
3		11	二	7	12	20	11	14	10	7	10	11	12	14	20	41
4		14	五	20	32	39	16	17	45	16	17	20	32	39	45	46
5		18	二	15	40	42	38	47	46	15	38	40	42	46	47	17
6		21	五	39	32	43	36	37	2	2	32	36	37	39	43	3
7		25	二	12	39	21	31	13	17	12	13	17	21	31	39	20
8		28	五	18	3	42	24	13	4	3	4	13	18	24	42	47
9	2	1	二	6	17	25	42	40	1	1	6	17	25	40	42	15
10		4	五	10	49	47	42	41	33	10	33	41	42	47	49	3
11		8	二	31	39	5	6	23	41	5	6	23	31	39	41	16
12		11	五	36	3	45	34	7	4	3	4	7	34	36	45	24
13		15	二	9	15	24	35	33	12	9	12	15	24	33	35	18
14		18	五	20	23	38	37	14	26	14	20	23	26	37	38	33
15		22	二	32	35	20	15	13	39	13	15	20	32	35	39	11
16		25	五	2	28	44	36	20	3	2	3	20	28	36	44	21
17	3	1	二	3	14	27	8	48	31	3	8	14	27	31	48	23
18		4	五	23	27	22	16	12	18	12	16	18	22	23	27	41
19		8	二	47	25	24	6	1	32	1	6	24	25	32	47	38
20		11	五	11	42	13	21	22	5	5	11	13	21	22	42	25
21		15	二	41	19	28	30	29	4	4	19	28	29	30	41	10
22		18	五	3	15	37	30	23	36	3	15	23	30	36	37	28
23		22	二	20	24	47	36	6	8	6	8	20	24	36	47	27
24		25	五	43	48	18	39	1	35	1	18	35	39	43	48	2
25		29	二	10	18	12	22	4	40	4	10	12	18	22	40	24
26	4	1	五	32	35	30	20	14	43	14	20	30	32	35	43	33
27		5	二	20	29	24	28	8	10	8	10	20	24	28	29	32
28		8	五	9	38	10	23	37	29	9	10	23	29	37	38	44
29		12	二	24	6	29	33	4	14	4	6	14	24	29	33	45
30		15	五	47	37	42	28	38	15	15	28	37	38	42	47	33
31		19	二	47	22	46	35	41	37	22	35	37	41	46	47	24
32		22	五	46	26	22	4	36	21	4	21	22	26	36	46	41
33		26	二	37	41	39	40	45	20	20	37	39	40	41	45	8
34		29	五	17	7	22	23	1	16	1	7	16	17	22	23	19
35	5	3	二	18	15	24	28	10	43	10	15	18	24	28	43	35
36		6	五	22	24	36	44	23	6	6	22	23	24	36	44	3
																
100																
期別	月	日	星期	落 球 號 碼						順 序 號 碼						特別號
37	5	10	二	25	38	5	12	42	35	5	12	25	35	38	42	28
38		13	五	19	29	42	36	16	21	16	19	21	29	36	42	10
39		17	二	1	3	48	11	26	15	1	3	11	15	26	48	28
40		20	五	42	33	34	2	47	44	2	33	34	42	44	47	10
41		24	二	24	16	25	19	1	26	1	16	19	24	25	26	21
42		27	五	48	10	43	5	32	24	5	10	24	32	43	48	4
43		31	二	43	32	38	5	9	15	5	9	15	32	38	43	12
44	6	3	五	12	8	15	13	46	35	8	12	13	15	35	46	30
45		7	二	39	3	31	22	27	8	3	8	22	27	31	39	14
46		10	五	29	6	37	10	41	19	6	10	19	29	37	41	9
47		14	二	33	21	31	17	48	5	5	17	21	31	33	48	25
48		17	五	1	2	31	19	47	48	1	2	19	31	47	48	36
49		21	二	46	10	1	13	40	42	1	10	13	40	42	46	41
50		24	五	38	11	27	21	19	39	11	19	21	27	38	39	24
51		28	二	33	27	13	11	15	23	11	13	15	23	27	33	4
52	7	1	五	9	49	23	44	31	25	9	23	25	31	44	49	2
53		5	二	15	2	28	1	32	18	1	2	15	18	28	32	26
54		8	五	43	37	47	16	18	35	16	18	35	37	43	47	7
55		12	二	24	41	8	31	35	37	8	24	31	35	37	41	19
56		15	五	43	49	23	30	27	17	17	23	27	30	43	49	31
57		19	二	17	37	20	47	49	2	2	17	20	37	47	49	36
58		22	五	8	22	6	4	5	38	4	5	6	8	22	38	42
59		26	二	2	8	29	36	35	13	2	8	13	29	35	36	14
60		29	五	19	38	46	28	6	37	6	19	28	37	38	46	42
61	8	2	二	27	17	45	24	42	28	17	24	27	28	42	45	31
62		5	五	3	28	25	49	24	20	3	20	24	25	28	49	30
63		9	二	49	25	27	33	38	40	25	27	33	38	40	49	12
64		12	五	12	22	45	2	40	14	2	12	14	22	40	45	4
65		16	二	43	42	26	38	30	37	26	30	37	38	42	43	32
66		19	五	32	41	18	30	13	48	13	18	30	32	41	48	45
67		23	二	42	29	23	32	5	36	5	23	29	32	36	42	14
68		26	五	10	31	45	33	32	43	10	31	32	33	43	45	30
69		30	二	48	26	36	37	10	12	10	12	26	36	37	48	34
70	9	2	五	30	5	35	22	24	2	2	5	22	24	30	35	42
71		6	二	41	29	38	23	9	2	2	9	23	29	38	41	8
72		9	五	12	8	15	36	1	47	1	8	12	15	36	47	10
																
100																
期別	月	日	星期	落 球 號 碼						順 序 號 碼						特別號
73	9	13	二	11	48	2	41	8	38	2	8	11	38	41	48	18
74		16	五	48	28	23	36	30	15	15	23	28	30	36	48	45
75		20	二	28	25	27	34	2	37	2	25	27	28	34	37	42
76		23	五	27	23	16	14	44	28	14	16	23	27	28	44	40
77		27	二	9	42	23	3	26	31	3	9	23	26	31	42	41
78		30	五	10	44	11	34	48	24	10	11	24	34	44	48	31
79	10	4	二	8	49	29	26	15	2	2	8	15	26	29	49	3
80		7	五	1	30	16	6	13	33	1	6	13	16	30	33	3
81		11	二	6	34	18	43	2	33	2	6	18	33	34	43	28
82		14	五	7	26	23	39	8	21	7	8	21	23	26	39	28
83		18	二	46	19	44	32	8	4	4	8	19	32	44	46	21
84		21	五	20	35	33	43	41	34	20	33	34	35	41	43	4
85		25	二	2	5	33	28	44	24	2	5	24	28	33	44	4
86		28	五	24	5	33	36	27	15	5	15	24	27	33	36	1
87	11	1	二	21	4	7	29	13	14	4	7	13	14	21	29	22
88		4	五	21	14	8	7	2	38	2	7	8	14	21	38	11
89		8	二	2	40	39	11	35	22	2	11	22	35	39	40	36
90		11	五	36	29	20	19	4	32	4	19	20	29	32	36	30
91		15	二	46	21	42	35	12	19	12	19	21	35	42	46	40
92		18	五	12	11	16	10	45	15	10	11	12	15	16	45	19
93		22	二	40	37	46	41	21	16	16	21	37	40	41	46	27
94		25	五	10	43	30	8	36	27	8	10	27	30	36	43	48
95		29	二	7	1	35	36	11	14	1	7	11	14	35	36	10
96	12	2	五	23	39	45	31	37	27	23	27	31	37	39	45	6
97		6	二	38	14	18	3	13	22	3	13	14	18	22	38	6
98		9	五	37	38	40	45	39	10	10	37	38	39	40	45	18
99		13	二	48	23	36	2	30	44	2	23	30	36	44	48	24
100		16	五	41	31	10	36	44	35	10	31	35	36	41	44	34
101		20	二	26	7	34	9	5	27	5	7	9	26	27	34	8
102		23	五	40	17	27	31	6	48	6	17	27	31	40	48	28
103		27	二	1	8	30	23	32	24	1	8	23	24	30	32	14
104		30	五	15	28	37	13	12	30	12	13	15	28	30	37	3
																
																
																
																
																
101																
期別	月	日	星期	落 球 號 碼						順 序 號 碼						特別號
1	1	3	二	34	9	26	19	38	40	9	19	26	34	38	40	37
2		6	五	14	41	23	10	35	46	10	14	23	35	41	46	19
3		10	二	3	21	47	27	23	45	3	21	23	27	45	47	40
4		13	五	48	36	46	22	42	43	22	36	42	43	46	48	21
5		17	二	22	4	42	46	10	35	4	10	22	35	42	46	32
6		20	五	22	44	30	39	10	12	10	12	22	30	39	44	9
7		24	二	29	21	44	8	38	45	8	21	29	38	44	45	20
8		27	五	40	20	34	21	22	3	3	20	21	22	34	40	44
9		31	二	11	19	15	33	14	1	1	11	14	15	19	33	42
10	2	3	五	8	34	32	5	20	35	5	8	20	32	34	35	17
11		7	二	33	41	27	7	22	39	7	22	27	33	39	41	13
12		10	五	43	16	41	29	19	5	5	16	19	29	41	43	37
13		14	二	21	45	2	11	33	19	2	11	19	21	33	45	40
14		17	五	15	30	26	38	44	14	14	15	26	30	38	44	19
15		21	二	42	32	39	46	21	2	2	21	32	39	42	46	19
16		24	五	17	43	2	15	6	13	2	6	13	15	17	43	4
17		28	二	30	47	36	43	2	32	2	30	32	36	43	47	49
18	3	2	五	15	6	45	31	2	21	2	6	15	21	31	45	24
19		6	二	25	20	2	5	17	48	2	5	17	20	25	48	14
20		9	五	45	21	48	41	44	10	10	21	41	44	45	48	32
21		13	二	6	47	24	48	49	46	6	24	46	47	48	49	40
22		16	五	27	26	43	28	30	31	26	27	28	30	31	43	8
23		20	二	13	7	5	26	46	4	4	5	7	13	26	46	24
24		23	五	36	31	43	37	44	22	22	31	36	37	43	44	11
25		27	二	27	29	28	16	23	18	16	18	23	27	28	29	19
26		30	五	21	38	28	1	20	36	1	20	21	28	36	38	30
27	4	3	二	44	23	47	8	39	22	8	22	23	39	44	47	36
28		6	五	36	4	37	5	40	14	4	5	14	36	37	40	25
29		10	二	33	6	31	42	27	19	6	19	27	31	33	42	13
30		13	五	20	9	35	4	1	25	1	4	9	20	25	35	43
31		17	二	23	26	43	31	19	25	19	23	25	26	31	43	10
32		20	五	48	25	44	3	2	45	2	3	25	44	45	48	31
33		24	二	39	47	9	21	19	14	9	14	19	21	39	47	11
34		27	五	35	40	45	22	13	24	13	22	24	35	40	45	37
35	5	1	二	7	43	21	22	5	31	5	7	21	22	31	43	4
36		4	五	17	31	23	39	4	11	4	11	17	23	31	39	14
																
101																
期別	月	日	星期	落 球 號 碼						順 序 號 碼						特別號
37	5	8	二	6	29	23	30	25	24	6	23	24	25	29	30	47
38		11	五	37	30	33	22	10	29	10	22	29	30	33	37	27
39		15	二	44	35	30	49	47	1	1	30	35	44	47	49	46
40		18	五	13	31	23	46	25	39	13	23	25	31	39	46	41
41		22	二	13	1	28	18	8	49	1	8	13	18	28	49	6
42		25	五	1	22	33	40	26	17	1	17	22	26	33	40	11
43		29	二	49	46	38	5	22	43	5	22	38	43	46	49	13
44	6	1	五	4	44	39	34	18	31	4	18	31	34	39	44	49
45		5	二	11	49	16	40	13	35	11	13	16	35	40	49	39
46		8	五	49	46	45	24	9	1	1	9	24	45	46	49	12
47		12	二	29	21	40	35	3	33	3	21	29	33	35	40	45
48		15	五	47	23	15	9	38	49	9	15	23	38	47	49	36
49		19	二	26	5	19	1	46	17	1	5	17	19	26	46	47
50		22	五	28	36	24	6	44	38	6	24	28	36	38	44	8
51		26	二	1	7	16	41	6	12	1	6	7	12	16	41	49
52		29	五	9	30	36	11	39	45	9	11	30	36	39	45	26
53	7	3	二	49	41	34	11	18	21	11	18	21	34	41	49	47
54		6	五	18	31	4	11	27	19	4	11	18	19	27	31	24
55		10	二	16	41	3	26	31	28	3	16	26	28	31	41	45
56		13	五	46	15	28	8	35	41	8	15	28	35	41	46	11
57		17	二	25	30	37	19	17	22	17	19	22	25	30	37	31
58		20	五	41	11	44	34	22	14	11	14	22	34	41	44	27
59		24	二	24	11	39	5	21	37	5	11	21	24	37	39	13
60		27	五	22	5	27	7	34	9	5	7	9	22	27	34	45
61		31	二	24	33	44	28	1	43	1	24	28	33	43	44	31
62	8	3	五	14	44	27	13	18	29	13	14	18	27	29	44	21
63		7	二	12	29	28	43	47	23	12	23	28	29	43	47	26
64		10	五	1	24	26	14	3	45	1	3	14	24	26	45	38
65		14	二	19	27	2	38	31	49	2	19	27	31	38	49	32
66		17	五	43	38	39	48	47	7	7	38	39	43	47	48	29
67		21	二	29	40	46	44	47	6	6	29	40	44	46	47	33
68		24	五	35	43	7	42	34	47	7	34	35	42	43	47	29
69		28	二	6	30	38	3	41	1	1	3	6	30	38	41	46
70		31	五	28	36	45	34	31	18	18	28	31	34	36	45	42
71	9	4	二	32	48	36	40	10	21	10	21	32	36	40	48	9
72		7	五	19	44	7	17	24	30	7	17	19	24	30	44	31
																
101																
期別	月	日	星期	落 球 號 碼						順 序 號 碼						特別號
73	9	11	二	21	3	31	30	48	4	3	4	21	30	31	48	15
74		14	五	32	33	20	37	38	31	20	31	32	33	37	38	39
75		18	二	48	39	12	13	18	44	12	13	18	39	44	48	35
76		21	五	29	37	42	36	22	30	22	29	30	36	37	42	9
77		25	二	35	19	49	18	45	34	18	19	34	35	45	49	16
78		28	五	42	22	6	47	41	4	4	6	22	41	42	47	18
79	10	2	二	7	1	28	3	9	40	1	3	7	9	28	40	45
80		5	五	18	9	44	17	33	47	9	17	18	33	44	47	8
81		9	二	30	8	41	18	31	15	8	15	18	30	31	41	45
82		12	五	11	48	43	5	30	12	5	11	12	30	43	48	15
83		16	二	35	3	28	45	2	44	2	3	28	35	44	45	36
84		19	五	39	45	25	13	49	27	13	25	27	39	45	49	11
85		23	二	46	25	20	2	19	7	2	7	19	20	25	46	43
86		26	五	20	41	32	17	28	1	1	17	20	28	32	41	13
87		30	二	20	25	14	36	46	10	10	14	20	25	36	46	2
88	11	2	五	24	38	36	4	37	18	4	18	24	36	37	38	31
89		6	二	8	47	13	42	48	41	8	13	41	42	47	48	29
90		9	五	37	31	45	38	9	25	9	25	31	37	38	45	21
91		13	二	2	11	22	31	25	14	2	11	14	22	25	31	26
92		16	五	42	33	32	18	17	41	17	18	32	33	41	42	12
93		20	二	23	24	27	6	34	20	6	20	23	24	27	34	16
94		23	五	4	3	46	18	14	2	2	3	4	14	18	46	25
95		27	二	31	13	9	18	19	5	5	9	13	18	19	31	32
96		30	五	37	31	18	26	43	5	5	18	26	31	37	43	8
97	12	4	二	43	29	23	2	41	30	2	23	29	30	41	43	16
98		7	五	23	8	28	11	19	13	8	11	13	19	23	28	49
99		11	二	44	5	12	38	22	14	5	12	14	22	38	44	25
100		14	五	8	49	28	11	17	21	8	11	17	21	28	49	37
101		18	二	7	15	10	44	19	5	5	7	10	15	19	44	49
102		21	五	13	25	31	48	22	17	13	17	22	25	31	48	26
103		25	二	41	18	25	32	47	12	12	18	25	32	41	47	7
104		28	五	28	37	18	14	42	5	5	14	18	28	37	42	19
																
																
																
																
																
102																
期別	月	日	星期	落 球 號 碼						順 序 號 碼						特別號
1	1	1	二	4	3	32	33	22	49	3	4	22	32	33	49	21
2		4	五	35	7	24	1	31	47	1	7	24	31	35	47	21
3		8	二	19	14	33	6	5	27	5	6	14	19	27	33	31
4		11	五	48	44	33	10	1	24	1	10	24	33	44	48	37
5		15	二	32	8	34	2	44	46	2	8	32	34	44	46	14
6		18	五	33	46	30	27	22	37	22	27	30	33	37	46	24
7		22	二	31	14	47	2	23	25	2	14	23	25	31	47	48
8		25	五	18	2	48	11	49	4	2	4	11	18	48	49	38
9		28	二	3	31	43	7	34	32	3	7	31	32	34	43	41
10	2	1	五	46	39	28	1	26	37	1	26	28	37	39	46	3
11		5	二	25	19	38	8	15	30	8	15	19	25	30	38	6
12		8	五	22	26	47	38	4	11	4	11	22	26	38	47	13
13		9	六	22	11	5	17	30	34	5	11	17	22	30	34	10
14		10	日	12	10	21	35	9	31	9	10	12	21	31	35	19
15		11	一	16	46	40	45	48	6	6	16	40	45	46	48	31
16		12	二	27	38	13	3	19	24	3	13	19	24	27	38	40
17		15	五	8	30	34	17	2	40	2	8	17	30	34	40	26
18		19	二	40	28	24	7	23	32	7	23	24	28	32	40	8
19		22	五	28	9	7	35	17	25	7	9	17	25	28	35	36
20		26	二	30	36	39	21	8	15	8	15	21	30	36	39	17
21	3	1	五	36	34	1	26	37	35	1	26	34	35	36	37	7
22		5	二	36	5	38	24	35	30	5	24	30	35	36	38	11
23		8	五	16	12	29	45	44	13	12	13	16	29	44	45	30
24		12	二	20	47	49	46	35	16	16	20	35	46	47	49	31
25		15	五	23	5	37	13	43	44	5	13	23	37	43	44	26
26		19	二	40	25	1	12	37	39	1	12	25	37	39	40	18
27		22	五	30	23	24	5	13	7	5	7	13	23	24	30	1
28		26	二	39	28	1	42	20	9	1	9	20	28	39	42	47
29		29	五	3	46	2	8	24	15	2	3	8	15	24	46	36
30	4	2	二	11	20	35	26	23	15	11	15	20	23	26	35	31
31		5	五	21	17	4	35	7	13	4	7	13	17	21	35	33
32		9	二	45	35	48	7	47	16	7	16	35	45	47	48	39
33		12	五	32	22	1	29	3	18	1	3	18	22	29	32	21
34		16	二	18	45	6	48	40	43	6	18	40	43	45	48	24
35		19	五	48	37	42	36	40	3	3	36	37	40	42	48	17
36		23	二	45	36	29	12	15	31	12	15	29	31	36	45	40
																
102																
期別	月	日	星期	落 球 號 碼						順 序 號 碼						特別號
37	4	26	五	17	40	19	30	15	47	15	17	19	30	40	47	25
38		30	二	32	46	37	30	47	10	10	30	32	37	46	47	16
39	5	3	五	45	32	4	22	1	8	1	4	8	22	32	45	2
40		7	二	35	14	11	25	33	9	9	11	14	25	33	35	2
41		10	五	43	39	25	2	32	17	2	17	25	32	39	43	34
42		14	二	1	30	27	39	7	6	1	6	7	27	30	39	21
43		17	五	24	22	16	23	10	5	5	10	16	22	23	24	31
44		21	二	39	35	42	49	29	24	24	29	35	39	42	49	48
45		24	五	28	10	41	27	31	37	10	27	28	31	37	41	34
46		28	二	17	43	16	30	7	10	7	10	16	17	30	43	23
47		31	五	44	3	33	39	6	10	3	6	10	33	39	44	37
48	6	4	二	14	46	43	19	34	47	14	19	34	43	46	47	42
49		7	五	39	14	29	33	3	48	3	14	29	33	39	48	22
50		11	二	46	34	49	20	16	42	16	20	34	42	46	49	4
51		14	五	35	47	22	4	16	32	4	16	22	32	35	47	43
52		18	二	41	36	11	4	43	25	4	11	25	36	41	43	27
53		21	五	41	35	39	29	10	44	10	29	35	39	41	44	7
54		25	二	34	18	26	28	38	7	7	18	26	28	34	38	5
55		28	五	26	31	49	22	44	42	22	26	31	42	44	49	29
56	7	2	二	5	44	1	21	18	40	1	5	18	21	40	44	22
57		5	五	45	40	28	39	11	14	11	14	28	39	40	45	42
58		9	二	43	41	29	28	19	24	19	24	28	29	41	43	37
59		12	五	48	47	29	34	24	15	15	24	29	34	47	48	31
60		16	二	13	31	16	29	10	37	10	13	16	29	31	37	32
61		19	五	5	3	15	9	49	30	3	5	9	15	30	49	48
62		23	二	17	35	24	27	49	4	4	17	24	27	35	49	39
63		26	五	34	17	8	39	21	45	8	17	21	34	39	45	44
64		30	二	43	6	22	15	45	16	6	15	16	22	43	45	48
65	8	2	五	43	7	44	45	46	27	7	27	43	44	45	46	35
66		6	二	27	17	48	32	4	1	1	4	17	27	32	48	6
67		9	五	12	13	4	3	24	30	3	4	12	13	24	30	9
68		13	二	14	48	37	34	16	12	12	14	16	34	37	48	7
69		16	五	24	40	29	17	27	4	4	17	24	27	29	40	9
70		20	二	49	31	16	28	7	5	5	7	16	28	31	49	34
71		23	五	12	11	5	14	31	35	5	11	12	14	31	35	26
72		27	二	11	8	15	5	36	14	5	8	11	14	15	36	46
																
102																
期別	月	日	星期	落 球 號 碼						順 序 號 碼						特別號
73	8	30	五	21	36	2	46	27	24	2	21	24	27	36	46	5
74	9	3	二	39	29	48	22	13	11	11	13	22	29	39	48	45
75		6	五	14	7	48	33	6	36	6	7	14	33	36	48	18
76		10	二	42	14	34	1	10	47	1	10	14	34	42	47	9
77		13	五	16	28	26	27	45	12	12	16	26	27	28	45	6
78		17	二	46	40	8	1	17	19	1	8	17	19	40	46	15
79		20	五	47	12	6	39	28	19	6	12	19	28	39	47	36
80		24	二	15	23	7	35	9	34	7	9	15	23	34	35	41
81		27	五	1	18	38	46	12	19	1	12	18	19	38	46	2
82	10	1	二	46	1	17	23	14	4	1	4	14	17	23	46	41
83		4	五	12	25	28	18	7	48	7	12	18	25	28	48	46
84		8	二	4	6	26	31	7	11	4	6	7	11	26	31	38
85		11	五	32	37	2	46	49	10	2	10	32	37	46	49	28
86		15	二	20	13	22	16	28	8	8	13	16	20	22	28	49
87		18	五	9	17	39	43	11	40	9	11	17	39	40	43	46
88		22	二	8	39	32	23	7	16	7	8	16	23	32	39	22
89		25	五	35	11	36	8	3	10	3	8	10	11	35	36	39
90		29	二	21	42	4	39	30	1	1	4	21	30	39	42	44
91	11	1	五	31	6	16	36	26	46	6	16	26	31	36	46	9
92		5	二	27	46	37	12	3	29	3	12	27	29	37	46	17
93		8	五	30	28	1	39	3	33	1	3	28	30	33	39	34
94		12	二	22	12	29	23	46	3	3	12	22	23	29	46	33
95		15	五	43	31	2	18	36	4	2	4	18	31	36	43	8
96		19	二	33	35	16	46	36	15	15	16	33	35	36	46	21
97		22	五	9	8	40	47	11	24	8	9	11	24	40	47	33
98		26	二	15	20	10	11	21	1	1	10	11	15	20	21	26
99		29	五	2	19	30	31	8	13	2	8	13	19	30	31	20
100	12	3	二	44	10	8	38	17	49	8	10	17	38	44	49	40
101		6	五	8	6	4	10	36	15	4	6	8	10	15	36	13
102		10	二	6	34	49	11	27	42	6	11	27	34	42	49	21
103		13	五	16	41	10	48	26	28	10	16	26	28	41	48	42
104		17	二	28	14	1	9	4	22	1	4	9	14	22	28	20
105		20	五	25	8	17	9	14	45	8	9	14	17	25	45	27
106		24	二	21	9	33	36	24	43	9	21	24	33	36	43	3
107		27	五	16	31	43	39	2	12	2	12	16	31	39	43	18
108		31	二	27	36	42	40	29	5	5	27	29	36	40	42	35
																
103																
期別	月	日	星期	落 球 號 碼						順 序 號 碼						特別號
1	1	3	五	11	35	21	18	37	20	11	18	20	21	35	37	8
2		7	二	1	7	25	36	21	35	1	7	21	25	35	36	39
3		10	五	7	19	17	30	37	32	7	17	19	30	32	37	3
4		14	二	11	49	2	45	41	21	2	11	21	41	45	49	26
5		17	五	20	29	13	15	26	36	13	15	20	26	29	36	37
6		21	二	22	43	12	44	38	15	12	15	22	38	43	44	9
7		24	五	4	20	29	41	45	1	1	4	20	29	41	45	36
8		28	二	2	30	7	26	5	1	1	2	5	7	26	30	24
9		30	四	9	22	49	48	45	44	9	22	44	45	48	49	8
10		31	五	38	17	23	49	48	27	17	23	27	38	48	49	19
11	2	1	六	36	37	13	19	9	6	6	9	13	19	36	37	27
12		2	日	14	45	3	24	19	13	3	13	14	19	24	45	5
13		3	一	2	16	27	30	17	1	1	2	16	17	27	30	48
14		4	二	19	46	32	12	42	8	8	12	19	32	42	46	28
15		7	五	22	5	28	11	21	12	5	11	12	21	22	28	25
16		11	二	15	31	21	6	44	22	6	15	21	22	31	44	41
17		14	五	24	10	48	33	20	19	10	19	20	24	33	48	1
18		18	二	47	19	6	26	32	20	6	19	20	26	32	47	35
19		21	五	11	12	23	40	28	48	11	12	23	28	40	48	9
20		25	二	13	9	5	3	46	12	3	5	9	12	13	46	4
21		28	五	17	24	13	18	32	28	13	17	18	24	28	32	37
22	3	4	二	43	8	40	35	37	26	8	26	35	37	40	43	6
23		7	五	38	26	6	37	18	30	6	18	26	30	37	38	16
24		11	二	40	20	15	16	13	43	13	15	16	20	40	43	14
25		14	五	47	8	40	41	27	2	2	8	27	40	41	47	28
26		18	二	26	40	35	39	12	28	12	26	28	35	39	40	16
27		21	五	47	26	46	8	31	18	8	18	26	31	46	47	20
28		25	二	19	25	47	42	30	23	19	23	25	30	42	47	16
29		28	五	9	18	23	36	47	35	9	18	23	35	36	47	41
30	4	1	二	46	18	29	30	47	22	18	22	29	30	46	47	6
31		4	五	8	24	35	37	41	47	8	24	35	37	41	47	23
32		8	二	28	27	17	1	45	14	1	14	17	27	28	45	11
33		11	五	1	3	17	9	12	4	1	3	4	9	12	17	15
34		15	二	26	44	24	8	35	5	5	8	24	26	35	44	41
35		18	五	8	48	15	40	9	44	8	9	15	40	44	48	24
36		22	二	18	37	20	11	12	15	11	12	15	18	20	37	42
																
103																
期別	月	日	星期	落 球 號 碼						順 序 號 碼						特別號
37	4	25	五	46	24	34	4	38	35	4	24	34	35	38	46	30
38		29	二	2	46	9	44	30	27	2	9	27	30	44	46	22
39	5	2	五	1	25	37	23	7	40	1	7	23	25	37	40	12
40		6	二	10	46	39	35	40	25	10	25	35	39	40	46	31
41		9	五	13	1	27	21	37	11	1	11	13	21	27	37	3
42		13	二	32	20	31	44	29	15	15	20	29	31	32	44	23
43		16	五	45	41	31	42	14	38	14	31	38	41	42	45	29
44		20	二	34	33	30	13	35	6	6	13	30	33	34	35	38
45		23	五	30	11	22	46	17	27	11	17	22	27	30	46	15
46		27	二	26	19	23	10	39	32	10	19	23	26	32	39	16
47		30	五	21	9	17	35	24	30	9	17	21	24	30	35	15
48	6	3	二	31	32	16	44	35	33	16	31	32	33	35	44	46
49		6	五	41	29	47	49	25	40	25	29	40	41	47	49	48
50		10	二	3	32	11	35	33	28	3	11	28	32	33	35	30
51		13	五	28	32	37	42	4	21	4	21	28	32	37	42	16
52		17	二	3	6	20	48	18	25	3	6	18	20	25	48	12
53		20	五	14	36	12	16	33	47	12	14	16	33	36	47	48
54		24	二	14	40	8	1	12	41	1	8	12	14	40	41	15
55		27	五	35	34	36	27	13	21	13	21	27	34	35	36	24
56	7	1	二	9	21	48	8	7	6	6	7	8	9	21	48	18
57		4	五	48	14	24	17	27	3	3	14	17	24	27	48	28
58		8	二	33	10	39	22	47	25	10	22	25	33	39	47	38
59		11	五	7	18	30	1	15	14	1	7	14	15	18	30	33
60		15	二	7	32	18	23	48	34	7	18	23	32	34	48	13
61		18	五	19	15	21	2	30	1	1	2	15	19	21	30	40
62		22	二	28	3	13	9	17	42	3	9	13	17	28	42	14
63		25	五	45	30	21	32	5	35	5	21	30	32	35	45	26
64		29	二	47	36	32	31	44	34	31	32	34	36	44	47	46
65	8	1	五	45	8	21	32	5	23	5	8	21	23	32	45	18
66		5	二	40	11	26	33	4	42	4	11	26	33	40	42	34
67		8	五	32	42	26	45	38	31	26	31	32	38	42	45	37
68		12	二	12	10	6	4	34	45	4	6	10	12	34	45	44
69		15	五	47	46	29	23	18	48	18	23	29	46	47	48	5
70		19	二	12	19	6	7	14	9	6	7	9	12	14	19	17
71		22	五	43	8	23	30	16	31	8	16	23	30	31	43	18
72		26	二	23	32	43	19	1	17	1	17	19	23	32	43	9
																
103																
期別	月	日	星期	落 球 號 碼						順 序 號 碼						特別號
73	8	29	五	39	38	21	23	10	9	9	10	21	23	38	39	35
74	9	2	二	39	36	43	7	8	42	7	8	36	39	42	43	22
75		5	五	16	25	32	10	36	27	10	16	25	27	32	36	45
76		9	二	42	49	21	41	29	23	21	23	29	41	42	49	14
77		12	五	27	49	2	36	31	23	2	23	27	31	36	49	15
78		16	二	41	19	7	18	16	12	7	12	16	18	19	41	45
79		19	五	6	17	29	2	32	39	2	6	17	29	32	39	4
80		23	二	38	28	20	32	2	11	2	11	20	28	32	38	16
81		26	五	15	19	29	22	37	8	8	15	19	22	29	37	39
82		30	二	49	41	18	47	36	35	18	35	36	41	47	49	15
83	10	3	五	10	14	19	37	24	35	10	14	19	24	35	37	39
84		7	二	45	40	17	47	18	41	17	18	40	41	45	47	29
85		10	五	11	26	1	24	28	19	1	11	19	24	26	28	33
86		14	二	47	36	20	9	14	10	9	10	14	20	36	47	8
87		17	五	32	36	33	2	20	11	2	11	20	32	33	36	39
88		21	二	31	44	42	28	14	38	14	28	31	38	42	44	45
89		24	五	36	1	20	45	17	37	1	17	20	36	37	45	15
90		28	二	16	32	25	5	37	44	5	16	25	32	37	44	21
91		31	五	14	8	27	49	10	2	2	8	10	14	27	49	20
92	11	4	二	20	38	3	35	30	41	3	20	30	35	38	41	47
93		7	五	49	25	40	27	19	11	11	19	25	27	40	49	33
94		11	二	18	23	11	36	5	43	5	11	18	23	36	43	14
95		14	五	44	15	41	29	16	34	15	16	29	34	41	44	49
96		18	二	12	20	43	11	28	26	11	12	20	26	28	43	6
97		21	五	3	32	2	34	26	22	2	3	22	26	32	34	40
98		25	二	15	32	16	1	44	48	1	15	16	32	44	48	40
99		28	五	35	44	1	40	10	21	1	10	21	35	40	44	36
100	12	2	二	11	26	42	13	9	23	9	11	13	23	26	42	47
101		5	五	47	30	11	34	37	18	11	18	30	34	37	47	17
102		9	二	41	23	9	7	43	33	7	9	23	33	41	43	24
103		12	五	24	8	29	32	7	48	7	8	24	29	32	48	37
104		16	二	35	45	34	32	17	28	17	28	32	34	35	45	8
105		19	五	9	1	24	41	32	49	1	9	24	32	41	49	40
106		23	二	32	39	3	31	30	27	3	27	30	31	32	39	35
107		26	五	49	32	42	45	9	27	9	27	32	42	45	49	30
108		30	二	48	49	7	44	32	30	7	30	32	44	48	49	45
																
104																
期別	月	日	星期	落 球 號 碼						順 序 號 碼						特別號
1	1	2	五	31	23	48	29	22	13	13	22	23	29	31	48	6
2		6	二	16	37	43	11	30	29	11	16	29	30	37	43	13
3		9	五	18	7	24	21	23	8	7	8	18	21	23	24	11
4		13	二	46	14	22	37	2	16	2	14	16	22	37	46	49
5		16	五	2	46	17	32	38	28	2	17	28	32	38	46	49
6		20	二	47	35	28	45	9	24	9	24	28	35	45	47	48
7		23	五	20	16	39	42	38	8	8	16	20	38	39	42	29
8		27	二	45	4	27	15	9	21	4	9	15	21	27	45	6
9		30	五	35	14	24	39	3	44	3	14	24	35	39	44	28
10	2	3	二	30	13	16	18	5	15	5	13	15	16	18	30	8
11		6	五	11	42	5	29	46	36	5	11	29	36	42	46	48
12		10	二	29	14	44	26	15	35	14	15	26	29	35	44	9
13		13	五	25	1	29	9	15	35	1	9	15	25	29	35	38
14		17	二	11	15	23	46	40	3	3	11	15	23	40	46	13
15		18	三	15	27	6	16	3	31	3	6	15	16	27	31	14
16		19	四	25	40	7	49	31	27	7	25	27	31	40	49	11
17		20	五	10	45	29	5	9	28	5	9	10	28	29	45	41
18		21	六	27	17	40	2	11	5	2	5	11	17	27	40	20
19		22	日	6	3	12	37	34	43	3	6	12	34	37	43	28
20		23	一	21	20	43	38	32	14	14	20	21	32	38	43	23
21		24	二	46	39	28	3	48	41	3	28	39	41	46	48	9
22		27	五	2	6	43	38	27	34	2	6	27	34	38	43	45
23	3	3	二	43	46	41	6	11	4	4	6	11	41	43	46	21
24		6	五	44	22	21	6	37	35	6	21	22	35	37	44	29
25		10	二	11	25	46	47	3	34	3	11	25	34	46	47	42
26		13	五	6	22	9	14	33	16	6	9	14	16	22	33	11
27		17	二	36	42	49	5	32	40	5	32	36	40	42	49	1
28		20	五	4	13	7	29	9	46	4	7	9	13	29	46	8
29		24	二	9	4	6	17	3	24	3	4	6	9	17	24	28
30		27	五	12	36	24	13	18	15	12	13	15	18	24	36	39
31		31	二	2	32	43	13	25	4	2	4	13	25	32	43	15
32	4	3	五	36	13	43	32	42	40	13	32	36	40	42	43	41
33		7	二	17	47	11	45	19	33	11	17	19	33	45	47	4
34		10	五	44	17	10	11	42	20	10	11	17	20	42	44	13
35		14	二	38	1	48	49	23	22	1	22	23	38	48	49	11
36		17	五	47	45	26	36	33	32	26	32	33	36	45	47	39
																
104																
期別	月	日	星期	落 球 號 碼						順 序 號 碼						特別號
37	4	21	二	1	22	3	33	29	11	1	3	11	22	29	33	30
38		24	五	13	25	41	46	35	31	13	25	31	35	41	46	49
39		28	二	3	44	36	26	12	5	3	5	12	26	36	44	23
40	5	1	五	15	49	25	29	47	8	8	15	25	29	47	49	9
41		5	二	44	41	28	42	49	8	8	28	41	42	44	49	30
42		8	五	44	15	2	28	10	49	2	10	15	28	44	49	39
43		12	二	1	23	29	31	13	33	1	13	23	29	31	33	17
44		15	五	27	32	18	6	29	3	3	6	18	27	29	32	40
45		19	二	46	16	15	42	29	39	15	16	29	39	42	46	14
46		22	五	23	3	43	28	37	21	3	21	23	28	37	43	5
47		26	二	10	26	45	11	2	20	2	10	11	20	26	45	30
48		29	五	2	34	32	11	28	5	2	5	11	28	32	34	24
49	6	2	二	7	1	20	19	46	47	1	7	19	20	46	47	13
50		5	五	41	8	48	32	21	35	8	21	32	35	41	48	34
51		9	二	37	3	20	27	44	34	3	20	27	34	37	44	12
52		12	五	28	8	24	22	19	26	8	19	22	24	26	28	18
53		16	二	35	41	4	25	3	45	3	4	25	35	41	45	7
54		19	五	18	11	5	25	38	3	3	5	11	18	25	38	15
55		23	二	45	2	13	35	33	43	2	13	33	35	43	45	5
56		26	五	6	12	5	41	29	28	5	6	12	28	29	41	7
57		30	二	18	35	19	48	46	32	18	19	32	35	46	48	47
58	7	3	五	21	23	29	41	46	28	21	23	28	29	41	46	24
59		7	二	46	33	1	27	14	42	1	14	27	33	42	46	41
60		10	五	6	5	26	13	47	29	5	6	13	26	29	47	33
61		14	二	45	30	10	12	14	19	10	12	14	19	30	45	41
62		17	五	33	4	27	7	20	40	4	7	20	27	33	40	38
63		21	二	16	44	40	9	8	39	8	9	16	39	40	44	28
64		24	五	25	10	12	42	33	39	10	12	25	33	39	42	29
65		28	二	49	32	6	27	15	44	6	15	27	32	44	49	16
66		31	五	30	40	13	16	32	18	13	16	18	30	32	40	29
67	8	4	二	48	12	3	19	17	38	3	12	17	19	38	48	43
68		7	五	25	36	28	27	37	26	25	26	27	28	36	37	38
69		11	二	45	43	46	2	35	1	1	2	35	43	45	46	14
70		14	五	13	23	42	5	24	14	5	13	14	23	24	42	35
71		18	二	29	49	30	8	20	42	8	20	29	30	42	49	21
72		21	五	20	10	15	21	36	27	10	15	20	21	27	36	45
																
104																
期別	月	日	星期	落 球 號 碼						順 序 號 碼						特別號
73	8	25	二	45	22	13	26	47	15	13	15	22	26	45	47	49
74		28	五	15	11	46	40	8	12	8	11	12	15	40	46	16
75	9	1	二	20	48	40	18	19	9	9	18	19	20	40	48	3
76		4	五	20	49	46	19	44	47	19	20	44	46	47	49	9
77		8	二	8	31	43	28	36	32	8	28	31	32	36	43	9
78		11	五	41	10	5	29	18	44	5	10	18	29	41	44	30
79		15	二	44	13	30	34	31	2	2	13	30	31	34	44	39
80		18	五	16	6	17	41	37	36	6	16	17	36	37	41	28
81		22	二	47	46	6	10	39	44	6	10	39	44	46	47	30
82		25	五	13	38	25	21	9	39	9	13	21	25	38	39	2
83		29	二	1	35	3	25	44	31	1	3	25	31	35	44	15
84	10	2	五	44	11	45	36	41	15	11	15	36	41	44	45	35
85		6	二	8	10	28	3	38	47	3	8	10	28	38	47	13
86		9	五	35	2	8	27	22	43	2	8	22	27	35	43	24
87		13	二	24	29	32	44	49	31	24	29	31	32	44	49	39
88		16	五	31	20	29	44	25	40	20	25	29	31	40	44	21
89		20	二	32	12	37	17	39	38	12	17	32	37	38	39	27
90		23	五	1	41	16	43	47	46	1	16	41	43	46	47	25
91		27	二	7	17	34	8	10	36	7	8	10	17	34	36	43
92		30	五	15	8	20	3	6	30	3	6	8	15	20	30	40
93	11	3	二	28	45	8	16	48	22	8	16	22	28	45	48	13
94		6	五	30	45	27	49	8	24	8	24	27	30	45	49	42
95		10	二	7	27	45	11	10	28	7	10	11	27	28	45	21
96		13	五	33	18	16	11	31	1	1	11	16	18	31	33	19
97		17	二	2	44	7	47	31	26	2	7	26	31	44	47	36
98		20	五	40	9	4	10	39	42	4	9	10	39	40	42	8
99		24	二	48	1	9	29	28	13	1	9	13	28	29	48	45
100		27	五	4	41	5	23	40	25	4	5	23	25	40	41	11
101	12	1	二	41	37	13	6	19	15	6	13	15	19	37	41	22
102		4	五	16	21	34	47	37	41	16	21	34	37	41	47	29
103		8	二	15	8	40	43	36	32	8	15	32	36	40	43	3
104		11	五	42	25	1	43	4	29	1	4	25	29	42	43	11
105		15	二	22	18	31	23	11	4	4	11	18	22	23	31	19
106		18	五	25	18	15	6	5	11	5	6	11	15	18	25	31
107		22	二	29	49	37	12	13	8	8	12	13	29	37	49	43
108		25	五	12	7	3	16	30	11	3	7	11	12	16	30	13
																
104																
期別	月	日	星期	落 球 號 碼						順 序 號 碼						特別號
109	12	29	二	8	30	32	42	13	1	1	8	13	30	32	42	11
																
																
																
																
																
																
																
																
																
																
																
																
																
																
																
																
																
																
																
																
																
																
																
																
																
																
																
																
																
																
																
																
																
																
																
																
105																
期別	月	日	星期	落 球 號 碼						順 序 號 碼						特別號
1	1	1	五	16	41	29	19	24	43	16	19	24	29	41	43	32
2		5	二	7	33	15	25	3	1	1	3	7	15	25	33	21
3		8	五	13	28	44	3	48	10	3	10	13	28	44	48	1
4		12	二	18	15	5	44	40	39	5	15	18	39	40	44	37
5		15	五	27	11	42	6	16	17	6	11	16	17	27	42	35
6		19	二	14	9	46	4	23	44	4	9	14	23	44	46	41
7		22	五	46	20	10	17	15	43	10	15	17	20	43	46	37
8		26	二	17	46	35	11	13	39	11	13	17	35	39	46	2
9		29	五	16	38	35	45	48	44	16	35	38	44	45	48	27
10	2	2	二	48	15	21	26	43	23	15	21	23	26	43	48	34
11		5	五	41	5	30	4	26	38	4	5	26	30	38	41	28
12		7	日	21	11	4	37	35	25	4	11	21	25	35	37	43
13		8	一	27	12	8	32	13	16	8	12	13	16	27	32	24
14		9	二	31	25	9	24	45	37	9	24	25	31	37	45	12
15		10	三	19	32	22	47	18	44	18	19	22	32	44	47	9
16		11	四	3	34	13	48	29	30	3	13	29	30	34	48	28
17		12	五	32	22	6	10	11	45	6	10	11	22	32	45	4
18		13	六	6	18	29	35	4	48	4	6	18	29	35	48	20
19		14	日	21	3	26	16	20	1	1	3	16	20	21	26	22
20		16	二	23	33	11	34	40	29	11	23	29	33	34	40	6
21		19	五	23	20	44	30	11	39	11	20	23	30	39	44	49
22		23	二	20	14	19	43	45	10	10	14	19	20	43	45	22
23		26	五	3	46	21	9	17	41	3	9	17	21	41	46	27
24	3	1	二	34	17	23	14	7	22	7	14	17	22	23	34	12
25		4	五	29	7	5	12	22	17	5	7	12	17	22	29	4
26		8	二	3	30	27	39	41	35	3	27	30	35	39	41	32
27		11	五	9	34	49	36	16	30	9	16	30	34	36	49	31
28		15	二	14	48	6	30	42	47	6	14	30	42	47	48	18
29		18	五	4	18	1	3	25	47	1	3	4	18	25	47	13
30		22	二	33	7	16	20	30	11	7	11	16	20	30	33	6
31		25	五	37	41	7	11	40	22	7	11	22	37	40	41	20
32		29	二	47	18	46	1	34	17	1	17	18	34	46	47	25
33	4	1	五	39	12	16	29	8	37	8	12	16	29	37	39	40
34		5	二	14	32	38	43	23	26	14	23	26	32	38	43	3
35		8	五	36	45	7	30	13	2	2	7	13	30	36	45	43
36		12	二	19	11	49	45	39	14	11	14	19	39	45	49	23
																
105																
期別	月	日	星期	落 球 號 碼						順 序 號 碼						特別號
37	4	15	五	28	47	13	45	17	9	9	13	17	28	45	47	3
38		19	二	12	41	47	46	39	21	12	21	39	41	46	47	14
39		22	五	48	33	46	19	12	23	12	19	23	33	46	48	29
40		26	二	12	6	34	43	21	25	6	12	21	25	34	43	28
41		29	五	8	27	36	31	14	40	8	14	27	31	36	40	3
42	5	3	二	40	1	7	17	43	41	1	7	17	40	41	43	33
43		6	五	26	48	1	42	39	37	1	26	37	39	42	48	41
44		10	二	36	38	22	3	4	8	3	4	8	22	36	38	7
45		13	五	10	31	35	38	22	3	3	10	22	31	35	38	37
46		17	二	2	42	3	20	23	34	2	3	20	23	34	42	40
47		20	五	40	25	43	10	5	30	5	10	25	30	40	43	26
48		24	二	8	21	13	33	39	6	6	8	13	21	33	39	45
49		27	五	2	24	13	39	9	16	2	9	13	16	24	39	41
50		31	二	1	46	32	5	2	45	1	2	5	32	45	46	43
51	6	3	五	10	3	41	33	27	44	3	10	27	33	41	44	7
52		7	二	5	39	31	8	44	23	5	8	23	31	39	44	19
53		10	五	23	4	48	22	15	13	4	13	15	22	23	48	3
54		14	二	33	12	37	35	13	16	12	13	16	33	35	37	18
55		17	五	17	21	31	10	7	20	7	10	17	20	21	31	49
56		21	二	36	27	2	49	35	34	2	27	34	35	36	49	26
57		24	五	17	14	39	41	27	28	14	17	27	28	39	41	18
58		28	二	25	46	45	8	39	7	7	8	25	39	45	46	38
59	7	1	五	41	34	20	43	24	8	8	20	24	34	41	43	32
60		5	二	9	17	40	6	15	47	6	9	15	17	40	47	24
61		8	五	13	10	9	19	35	23	9	10	13	19	23	35	38
62		12	二	42	31	46	43	25	34	25	31	34	42	43	46	5
63		15	五	29	24	25	35	33	38	24	25	29	33	35	38	49
64		19	二	7	46	40	33	45	13	7	13	33	40	45	46	39
65		22	五	17	10	33	2	49	27	2	10	17	27	33	49	15
66		26	二	35	41	19	22	9	15	9	15	19	22	35	41	37
67		29	五	28	9	27	15	30	41	9	15	27	28	30	41	13
68	8	2	二	15	4	20	22	28	29	4	15	20	22	28	29	1
69		5	五	27	40	2	35	22	1	1	2	22	27	35	40	33
70		9	二	15	37	35	17	45	30	15	17	30	35	37	45	41
71		12	五	8	35	43	33	20	42	8	20	33	35	42	43	10
72		16	二	29	20	14	15	5	27	5	14	15	20	27	29	35
																
105																
期別	月	日	星期	落 球 號 碼						順 序 號 碼						特別號
73	8	19	五	19	26	44	46	5	48	5	19	26	44	46	48	36
74		23	二	44	26	38	25	48	37	25	26	37	38	44	48	31
75		26	五	34	49	28	9	42	41	9	28	34	41	42	49	6
76		30	二	1	46	36	27	11	18	1	11	18	27	36	46	26
77	9	2	五	9	45	46	11	20	21	9	11	20	21	45	46	42
78		6	二	7	4	28	20	45	23	4	7	20	23	28	45	35
79		9	五	41	12	1	44	36	35	1	12	35	36	41	44	21
80		13	二	3	41	16	40	22	33	3	16	22	33	40	41	39
81		16	五	34	31	49	30	17	23	17	23	30	31	34	49	36
82		20	二	22	7	17	44	4	45	4	7	17	22	44	45	32
83		23	五	1	43	33	29	31	2	1	2	29	31	33	43	40
84		27	二	35	15	48	14	16	46	14	15	16	35	46	48	2
85		30	五	48	4	10	31	38	40	4	10	31	38	40	48	5
86	10	4	二	23	11	30	35	44	40	11	23	30	35	40	44	7
87		7	五	10	16	30	42	33	37	10	16	30	33	37	42	43
88		11	二	37	39	2	8	13	14	2	8	13	14	37	39	38
89		14	五	23	10	30	44	29	47	10	23	29	30	44	47	7
90		18	二	44	15	14	47	16	24	14	15	16	24	44	47	21
91		21	五	33	32	2	8	21	37	2	8	21	32	33	37	15
92		25	二	34	15	25	27	33	5	5	15	25	27	33	34	43
93		28	五	10	38	13	1	33	37	1	10	13	33	37	38	40
94	11	1	二	11	10	49	20	15	31	10	11	15	20	31	49	44
95		4	五	49	38	2	3	17	28	2	3	17	28	38	49	21
96		8	二	22	17	6	49	11	3	3	6	11	17	22	49	44
97		11	五	8	28	7	32	2	22	2	7	8	22	28	32	20
98		15	二	8	33	41	43	25	7	7	8	25	33	41	43	6
99		18	五	26	6	18	25	34	24	6	18	24	25	26	34	19
100		22	二	34	21	25	44	1	24	1	21	24	25	34	44	19
101		25	五	3	28	42	1	37	22	1	3	22	28	37	42	10
102		29	二	3	26	28	38	40	21	3	21	26	28	38	40	42
103	12	2	五	5	25	34	26	49	40	5	25	26	34	40	49	47
104		6	二	46	41	30	32	27	44	27	30	32	41	44	46	42
105		9	五	12	38	42	49	44	28	12	28	38	42	44	49	2
106		13	二	36	29	49	39	33	19	19	29	33	36	39	49	6
107		16	五	25	36	42	19	11	34	11	19	25	34	36	42	8
108		20	二	35	36	46	1	29	44	1	29	35	36	44	46	6
																
105																
期別	月	日	星期	落 球 號 碼						順 序 號 碼						特別號
109	12	23	五	38	42	23	28	41	8	8	23	28	38	41	42	30
110		27	二	40	26	29	10	31	25	10	25	26	29	31	40	2
111		30	五	37	6	7	47	35	38	6	7	35	37	38	47	12
																
																
																
																
																
																
																
																
																
																
																
																
																
																
																
																
																
																
																
																
																
																
																
																
																
																
																
																
																
																
																
																
																
																
106																
期別	月	日	星期	落 球 號 碼						順 序 號 碼						特別號
1	1	3	二	18	41	47	49	22	42	18	22	41	42	47	49	45
2		6	五	35	32	12	40	14	43	12	14	32	35	40	43	17
3		10	二	37	14	4	46	13	39	4	13	14	37	39	46	31
4		13	五	19	25	27	21	38	14	14	19	21	25	27	38	22
5		17	二	40	28	12	4	34	17	4	12	17	28	34	40	7
6		20	五	1	16	5	31	41	18	1	5	16	18	31	41	13
7		24	二	33	9	48	1	17	31	1	9	17	31	33	48	49
8		27	五	1	5	49	7	35	31	1	5	7	31	35	49	42
9		28	六	32	25	19	20	30	1	1	19	20	25	30	32	2
10		29	日	9	22	3	8	14	12	3	8	9	12	14	22	46
11		30	一	26	10	29	19	45	43	10	19	26	29	43	45	20
12		31	二	11	4	33	16	46	28	4	11	16	28	33	46	17
13	2	1	三	4	43	9	47	32	11	4	9	11	32	43	47	44
14		3	五	11	2	25	33	30	29	2	11	25	29	30	33	20
15		7	二	19	32	6	18	23	49	6	18	19	23	32	49	21
16		10	五	24	7	11	12	15	26	7	11	12	15	24	26	6
17		14	二	10	37	11	21	28	23	10	11	21	23	28	37	24
18		17	五	46	49	23	21	16	6	6	16	21	23	46	49	39
19		21	二	48	39	32	15	8	10	8	10	15	32	39	48	43
20		24	五	47	35	38	12	16	41	12	16	35	38	41	47	1
21		28	二	19	43	30	14	15	6	6	14	15	19	30	43	31
22	3	3	五	43	2	20	37	48	16	2	16	20	37	43	48	10
23		7	二	22	41	31	6	12	44	6	12	22	31	41	44	2
24		10	五	21	41	48	11	12	35	11	12	21	35	41	48	1
25		14	二	32	33	20	39	17	15	15	17	20	32	33	39	21
26		17	五	4	25	17	40	44	36	4	17	25	36	40	44	8
27		21	二	32	16	43	44	27	8	8	16	27	32	43	44	7
28		24	五	41	49	39	24	36	45	24	36	39	41	45	49	22
29		28	二	32	42	44	22	37	21	21	22	32	37	42	44	38
30		31	五	38	22	24	17	18	25	17	18	22	24	25	38	39
31	4	4	二	5	34	43	17	33	44	5	17	33	34	43	44	4
32		7	五	31	23	37	49	19	32	19	23	31	32	37	49	26
33		11	二	40	22	9	47	36	31	9	22	31	36	40	47	8
34		14	五	29	2	3	42	4	23	2	3	4	23	29	42	14
35		18	二	25	21	14	39	35	36	14	21	25	35	36	39	18
36		21	五	28	39	22	15	5	23	5	15	22	23	28	39	25
																
106																
期別	月	日	星期	落 球 號 碼						順 序 號 碼						特別號
37	4	25	二	41	17	35	32	30	16	16	17	30	32	35	41	26
38		28	五	3	1	31	42	19	32	1	3	19	31	32	42	43
39	5	2	二	27	39	24	36	23	14	14	23	24	27	36	39	13
40		5	五	19	49	9	1	34	18	1	9	18	19	34	49	11
41		9	二	16	17	21	40	20	32	16	17	20	21	32	40	15
42		12	五	35	9	2	25	18	22	2	9	18	22	25	35	14
43		16	二	6	7	14	46	29	5	5	6	7	14	29	46	24
44		19	五	16	21	15	46	28	23	15	16	21	23	28	46	14
45		23	二	2	15	10	22	26	32	2	10	15	22	26	32	42
46		26	五	35	16	8	14	21	19	8	14	16	19	21	35	20
47		30	二	7	30	31	19	14	39	7	14	19	30	31	39	40
48	6	2	五	8	23	7	3	31	30	3	7	8	23	30	31	32
49		6	二	48	32	16	25	14	36	14	16	25	32	36	48	12
50		9	五	31	37	24	46	32	26	24	26	31	32	37	46	1
51		13	二	36	2	43	4	17	22	2	4	17	22	36	43	40
52		16	五	15	26	36	45	21	1	1	15	21	26	36	45	10
53		20	二	12	33	1	44	29	30	1	12	29	30	33	44	19
54		23	五	2	41	42	12	34	8	2	8	12	34	41	42	7
55		27	二	11	33	47	49	46	34	11	33	34	46	47	49	38
56		30	五	22	8	32	12	30	36	8	12	22	30	32	36	6
57	7	4	二	27	21	30	28	35	4	4	21	27	28	30	35	42
58		7	五	18	49	30	42	40	44	18	30	40	42	44	49	8
59		11	二	19	39	23	6	16	33	6	16	19	23	33	39	7
60		14	五	18	19	25	32	16	26	16	18	19	25	26	32	22
61		18	二	21	42	14	13	29	48	13	14	21	29	42	48	11
62		21	五	42	24	12	32	47	2	2	12	24	32	42	47	29
63		25	二	11	23	33	30	2	42	2	11	23	30	33	42	7
64		28	五	11	22	13	39	18	38	11	13	18	22	38	39	3
65	8	1	二	30	47	2	21	42	12	2	12	21	30	42	47	31
66		4	五	16	45	15	26	27	39	15	16	26	27	39	45	37
67		8	二	6	27	9	46	34	23	6	9	23	27	34	46	20
68		11	五	18	37	9	8	27	2	2	8	9	18	27	37	33
69		15	二	27	28	33	13	42	16	13	16	27	28	33	42	11
70		18	五	10	7	12	38	47	35	7	10	12	35	38	47	23
71		22	二	10	13	36	4	45	44	4	10	13	36	44	45	5
72		25	五	31	1	4	24	19	28	1	4	19	24	28	31	49
																
106																
期別	月	日	星期	落 球 號 碼						順 序 號 碼						特別號
73	8	29	二	31	25	49	18	5	48	5	18	25	31	48	49	44
74	9	1	五	11	14	36	16	40	5	5	11	14	16	36	40	46
75		5	二	33	27	23	13	17	41	13	17	23	27	33	41	2
76		8	五	13	19	29	15	42	8	8	13	15	19	29	42	25
77		12	二	36	29	45	23	7	49	7	23	29	36	45	49	14
78		15	五	33	16	3	37	8	11	3	8	11	16	33	37	35
79		19	二	40	15	2	18	12	37	2	12	15	18	37	40	39
80		22	五	39	47	49	18	35	43	18	35	39	43	47	49	44
81		26	二	19	11	22	14	10	38	10	11	14	19	22	38	42
82		29	五	14	36	3	33	16	21	3	14	16	21	33	36	20
83	10	3	二	15	30	44	25	33	18	15	18	25	30	33	44	38
84		6	五	32	41	45	4	37	28	4	28	32	37	41	45	47
85		10	二	28	6	39	30	31	29	6	28	29	30	31	39	33
86		13	五	34	46	5	8	23	44	5	8	23	34	44	46	16
87		17	二	1	27	19	6	11	3	1	3	6	11	19	27	5
88		20	五	19	42	3	8	26	18	3	8	18	19	26	42	17
89		24	二	2	16	5	29	3	14	2	3	5	14	16	29	32
90		27	五	17	40	38	22	11	2	2	11	17	22	38	40	41
91		31	二	46	25	39	36	4	31	4	25	31	36	39	46	2
92	11	3	五	36	43	8	20	33	23	8	20	23	33	36	43	2
93		7	二	22	5	30	48	6	12	5	6	12	22	30	48	41
94		10	五	26	24	35	29	10	15	10	15	24	26	29	35	12
95		14	二	24	47	5	25	15	44	5	15	24	25	44	47	45
96		17	五	46	28	39	14	19	2	2	14	19	28	39	46	45
97		21	二	43	23	39	28	25	4	4	23	25	28	39	43	41
98		24	五	8	45	4	14	41	10	4	8	10	14	41	45	38
99		28	二	47	9	19	46	14	17	9	14	17	19	46	47	29
100	12	1	五	2	3	5	48	42	28	2	3	5	28	42	48	9
101		5	二	37	13	1	43	41	12	1	12	13	37	41	43	49
102		8	五	35	5	8	1	34	10	1	5	8	10	34	35	46
103		12	二	28	16	37	19	41	38	16	19	28	37	38	41	10
104		15	五	37	31	24	17	27	19	17	19	24	27	31	37	8
105		19	二	3	41	14	31	18	42	3	14	18	31	41	42	2
106		22	五	12	31	18	21	20	37	12	18	20	21	31	37	24
107		26	二	20	10	7	24	8	27	7	8	10	20	24	27	19
108		29	五	27	15	12	11	47	20	11	12	15	20	27	47	36
																
107																
期別	月	日	星期	落 球 號 碼						順 序 號 碼						特別號
1	1	2	二	46	12	36	2	6	18	2	6	12	18	36	46	47
2		5	五	31	29	13	17	4	44	4	13	17	29	31	44	14
3		9	二	24	37	22	10	2	23	2	10	22	23	24	37	42
4		12	五	1	14	45	7	22	40	1	7	14	22	40	45	29
5		16	二	36	26	32	8	39	29	8	26	29	32	36	39	23
6		19	五	2	26	16	13	48	22	2	13	16	22	26	48	39
7		23	二	12	26	34	28	2	33	2	12	26	28	33	34	44
8		26	五	43	47	34	32	7	23	7	23	32	34	43	47	24
9		30	二	31	7	15	23	36	8	7	8	15	23	31	36	30
10	2	2	五	2	26	10	11	1	43	1	2	10	11	26	43	40
11		6	二	41	27	24	43	10	6	6	10	24	27	41	43	49
12		9	五	20	30	21	17	45	12	12	17	20	21	30	45	9
13		13	二	10	19	45	4	35	26	4	10	19	26	35	45	38
14		15	四	48	7	37	21	22	41	7	21	22	37	41	48	15
15		16	五	4	41	24	7	27	23	4	7	23	24	27	41	17
16		17	六	47	5	17	32	3	33	3	5	17	32	33	47	36
17		18	日	7	46	20	28	8	34	7	8	20	28	34	46	10
18		19	一	7	9	19	22	36	49	7	9	19	22	36	49	29
19		20	二	12	34	33	40	46	38	12	33	34	38	40	46	7
20		23	五	3	15	41	7	18	16	3	7	15	16	18	41	42
21		27	二	3	23	18	28	1	44	1	3	18	23	28	44	10
22	3	2	五	31	48	1	17	25	12	1	12	17	25	31	48	21
23		6	二	13	9	42	11	17	38	9	11	13	17	38	42	29
24		9	五	12	18	38	27	30	15	12	15	18	27	30	38	19
25		13	二	20	27	38	14	28	22	14	20	22	27	28	38	19
26		16	五	43	3	14	17	16	46	3	14	16	17	43	46	4
27		20	二	30	9	41	37	23	8	8	9	23	30	37	41	31
28		23	五	4	13	41	34	9	32	4	9	13	32	34	41	42
29		27	二	13	15	38	40	24	30	13	15	24	30	38	40	44
30		30	五	1	44	5	47	13	43	1	5	13	43	44	47	25
31	4	3	二	36	34	1	32	7	22	1	7	22	32	34	36	8
32		6	五	7	34	25	49	47	31	7	25	31	34	47	49	26
33		10	二	32	41	34	7	47	27	7	27	32	34	41	47	9
34		13	五	25	46	12	28	1	40	1	12	25	28	40	46	39
35		17	二	7	41	38	16	40	31	7	16	31	38	40	41	39
36		20	五	33	32	10	35	14	46	10	14	32	33	35	46	43
																
107																
期別	月	日	星期	落 球 號 碼						順 序 號 碼						特別號
37	4	24	二	10	19	21	35	36	9	9	10	19	21	35	36	49
38		27	五	30	4	48	25	27	26	4	25	26	27	30	48	11
39	5	1	二	8	46	29	49	33	34	8	29	33	34	46	49	19
40		4	五	22	30	47	36	10	33	10	22	30	33	36	47	43
41		8	二	8	41	3	37	22	21	3	8	21	22	37	41	46
42		11	五	48	25	35	37	4	11	4	11	25	35	37	48	36
43		15	二	13	16	2	43	12	32	2	12	13	16	32	43	24
44		18	五	42	41	11	38	1	36	1	11	36	38	41	42	48
45		22	二	29	49	13	41	24	2	2	13	24	29	41	49	45
46		25	五	24	42	22	1	32	6	1	6	22	24	32	42	16
47		29	二	11	26	37	14	41	20	11	14	20	26	37	41	2
48	6	1	五	33	26	28	16	49	42	16	26	28	33	42	49	20
49		5	二	26	22	25	41	2	17	2	17	22	25	26	41	16
50		8	五	32	17	9	2	40	31	2	9	17	31	32	40	47
51		12	二	2	37	3	15	14	35	2	3	14	15	35	37	29
52		15	五	16	28	46	44	30	25	16	25	28	30	44	46	27
53		19	二	9	34	8	37	42	28	8	9	28	34	37	42	15
54		22	五	25	11	30	6	26	7	6	7	11	25	26	30	31
55		26	二	44	5	11	37	23	9	5	9	11	23	37	44	24
56		29	五	4	27	37	13	41	30	4	13	27	30	37	41	20
57	7	3	二	11	31	9	34	20	44	9	11	20	31	34	44	10
58		6	五	21	47	28	2	3	32	2	3	21	28	32	47	27
59		10	二	11	43	24	9	39	21	9	11	21	24	39	43	7
60		13	五	14	46	42	31	2	21	2	14	21	31	42	46	4
61		17	二	41	34	11	26	20	43	11	20	26	34	41	43	9
62		20	五	24	45	12	39	13	9	9	12	13	24	39	45	38
63		24	二	24	42	49	32	25	29	24	25	29	32	42	49	12
64		27	五	48	35	5	17	12	19	5	12	17	19	35	48	9
65		31	二	31	22	15	35	20	37	15	20	22	31	35	37	14
66	8	3	五	35	30	4	40	6	43	4	6	30	35	40	43	13
67		7	二	19	46	13	25	30	12	12	13	19	25	30	46	5
68		10	五	5	36	48	18	7	16	5	7	16	18	36	48	37
69		14	二	49	16	17	25	15	34	15	16	17	25	34	49	5
70		17	五	14	3	19	21	35	48	3	14	19	21	35	48	13
71		21	二	31	12	17	28	34	8	8	12	17	28	31	34	1
72		24	五	45	31	7	3	9	39	3	7	9	31	39	45	35
																
107																
期別	月	日	星期	落 球 號 碼						順 序 號 碼						特別號
73		28	二	8	10	39	42	11	44	8	10	11	39	42	44	27
74	8	31	五	43	37	34	15	46	12	12	15	34	37	43	46	38
75	9	4	二	10	6	49	42	4	15	4	6	10	15	42	49	12
76		7	五	8	44	37	21	2	14	2	8	14	21	37	44	49
77		11	二	44	25	18	14	16	23	14	16	18	23	25	44	41
78		14	五	19	29	37	46	45	36	19	29	36	37	45	46	18
79		18	二	45	41	11	36	34	23	11	23	34	36	41	45	43
80		21	五	3	29	45	10	5	11	3	5	10	11	29	45	25
81		25	二	39	46	19	25	40	27	19	25	27	39	40	46	6
82		28	五	27	7	37	20	1	2	1	2	7	20	27	37	19
83	10	2	二	8	47	42	16	33	2	2	8	16	33	42	47	14
84		5	五	10	42	44	3	47	9	3	9	10	42	44	47	5
85		9	二	13	16	8	23	41	35	8	13	16	23	35	41	21
86		12	五	7	6	4	20	21	12	4	6	7	12	20	21	29
87		16	二	46	1	39	49	24	40	1	24	39	40	46	49	33
88		19	五	18	7	49	32	20	42	7	18	20	32	42	49	24
89		23	二	42	20	43	9	13	6	6	9	13	20	42	43	21
90		26	五	10	41	23	46	8	33	8	10	23	33	41	46	48
91		30	二	28	47	9	3	39	32	3	9	28	32	39	47	7
92	11	2	五	5	32	41	18	16	47	5	16	18	32	41	47	2
93		6	二	26	2	5	38	39	29	2	5	26	29	38	39	7
94		9	五	48	12	15	14	22	4	4	12	14	15	22	48	28
95		13	二	7	36	35	42	43	21	7	21	35	36	42	43	10
96		16	五	23	7	30	38	49	11	7	11	23	30	38	49	45
97		20	二	4	31	34	44	36	40	4	31	34	36	40	44	20
98		23	五	7	43	37	20	34	21	7	20	21	34	37	43	5
99		27	二	27	36	43	44	41	33	27	33	36	41	43	44	31
100		30	五	20	14	45	29	27	5	5	14	20	27	29	45	7
101	12	4	二	3	12	6	20	17	16	3	6	12	16	17	20	14
102		7	五	11	33	36	29	20	34	11	20	29	33	34	36	18
103		11	二	7	15	47	21	27	12	7	12	15	21	27	47	48
104		14	五	14	6	9	38	19	49	6	9	14	19	38	49	20
105		18	二	15	11	33	8	5	37	5	8	11	15	33	37	3
106		21	五	49	21	41	5	19	34	5	19	21	34	41	49	42
107		25	二	27	7	28	32	26	30	7	26	27	28	30	32	44
108		28	五	35	44	23	11	7	19	7	11	19	23	35	44	33
																
108																
期別	月	日	星期	落 球 號 碼						順 序 號 碼						特別號
1	1	1	二	42	25	18	24	23	39	18	23	24	25	39	42	48
2		4	五	47	8	20	48	7	6	6	7	8	20	47	48	30
3		8	二	39	19	43	21	28	4	4	19	21	28	39	43	18
4		11	五	42	22	31	20	34	13	13	20	22	31	34	42	9
5		15	二	12	40	38	20	41	30	12	20	30	38	40	41	10
6		18	五	30	10	4	45	39	5	4	5	10	30	39	45	14
7		22	二	20	36	2	42	37	46	2	20	36	37	42	46	29
8		25	五	10	45	15	14	20	3	3	10	14	15	20	45	2
9		29	二	14	30	24	48	20	44	14	20	24	30	44	48	31
10	2	1	五	21	41	32	10	17	20	10	17	20	21	32	41	34
11		2	六	22	46	49	35	7	2	2	7	22	35	46	49	41
12		3	日	12	37	36	28	40	24	12	24	28	36	37	40	6
13		4	一	24	34	6	32	36	8	6	8	24	32	34	36	49
14		5	二	18	45	13	34	30	49	13	18	30	34	45	49	33
15		6	三	17	29	32	23	39	28	17	23	28	29	32	39	12
16		7	四	40	21	7	33	29	41	7	21	29	33	40	41	8
17		8	五	42	14	36	13	32	8	8	13	14	32	36	42	5
18		9	六	18	30	19	6	8	20	6	8	18	19	20	30	22
19		10	日	47	14	22	8	5	19	5	8	14	19	22	47	24
20		12	二	16	45	30	19	11	29	11	16	19	29	30	45	1
21		15	五	40	1	46	44	3	48	1	3	40	44	46	48	2
22		19	二	43	24	4	3	1	32	1	3	4	24	32	43	37
23		22	五	48	43	22	20	45	6	6	20	22	43	45	48	11
24		26	二	34	38	42	17	22	6	6	17	22	34	38	42	20
25	3	1	五	27	8	45	40	14	1	1	8	14	27	40	45	34
26		5	二	13	42	12	43	16	21	12	13	16	21	42	43	39
27		8	五	31	3	48	11	15	25	3	11	15	25	31	48	36
28		12	二	5	22	7	37	40	45	5	7	22	37	40	45	12
29		15	五	5	12	28	20	36	10	5	10	12	20	28	36	15
30		19	二	7	16	48	36	17	47	7	16	17	36	47	48	49
31		22	五	37	12	1	47	41	16	1	12	16	37	41	47	36
32		26	二	14	6	24	19	13	38	6	13	14	19	24	38	26
33		29	五	1	12	49	3	29	16	1	3	12	16	29	49	4
34	4	2	二	28	5	40	38	47	41	5	28	38	40	41	47	25
35		5	五	28	38	49	29	43	11	11	28	29	38	41	49	22
36		9	二	45	44	10	36	37	46	10	36	37	44	45	46	48
																
108																
期別	月	日	星期	落 球 號 碼						順 序 號 碼						特別號
37	4	12	五	32	26	34	46	45	12	12	26	32	34	45	46	14
38		16	二	1	41	23	14	36	39	1	14	23	36	39	41	4
39		19	五	29	24	11	45	4	32	4	11	24	29	32	45	49
40		23	二	30	14	8	16	18	35	8	14	16	18	30	35	36
41		26	五	37	29	8	24	48	44	8	24	29	37	44	48	6
42		30	二	24	49	47	1	19	4	1	4	19	24	47	49	36
43	5	3	五	6	7	19	32	31	40	6	7	19	31	32	40	15
44		7	二	35	29	2	23	14	43	2	14	23	29	35	43	22
45		10	五	37	27	31	33	11	17	11	17	27	31	33	37	12
46		14	二	40	15	9	28	27	43	9	15	27	28	40	43	45
47		17	五	45	12	23	2	21	7	2	7	12	21	23	45	10
48		21	二	46	18	7	41	32	10	7	10	18	32	41	46	42
49		24	五	19	21	29	39	12	13	12	13	19	21	29	39	41
50		28	二	3	22	40	11	38	36	3	11	22	36	38	40	7
51		31	五	21	8	15	36	31	46	8	15	21	31	36	46	18
52	6	4	二	23	5	6	48	19	43	5	6	19	23	43	48	7
53		7	五	38	18	22	27	30	26	18	22	26	27	30	38	45
54		11	二	40	39	42	32	31	6	6	31	32	39	40	42	28
55		14	五	10	37	12	24	22	6	6	10	12	22	24	37	3
56		18	二	16	29	5	45	27	33	5	16	27	29	33	45	28
57		21	五	30	31	32	12	26	7	7	12	26	30	31	32	13
58		25	二	38	31	36	8	45	20	8	20	31	36	38	45	33
59		28	五	33	26	9	13	15	31	9	13	15	26	31	33	10
60	7	2	二	2	39	33	42	4	11	2	4	11	33	39	42	19
61		5	五	32	46	33	11	38	17	11	17	32	33	38	46	15
62		9	二	41	37	20	34	17	11	11	17	20	34	37	41	6
63		12	五	19	37	47	18	14	12	12	14	18	19	37	47	30
64		16	二	37	31	30	15	48	39	15	30	31	37	39	48	8
65		19	五	12	33	39	26	17	35	12	17	26	33	35	39	10
66		23	二	12	14	37	42	47	35	12	14	35	37	42	47	6
67		26	五	48	36	4	41	40	11	4	11	36	40	41	48	49
68		30	二	35	12	21	33	4	24	4	12	21	24	33	35	42
69	8	2	五	48	49	46	34	5	42	5	34	42	46	48	49	14
70		6	二	20	10	49	37	38	1	1	10	20	37	38	49	31
71		9	五	4	18	26	13	48	41	4	13	18	26	41	48	33
72		13	二	32	5	41	25	21	36	5	21	25	32	36	41	33
																
108																
期別	月	日	星期	落 球 號 碼						順 序 號 碼						特別號
73	8	16	五	31	45	8	7	33	41	7	8	31	33	41	45	39
74		20	二	19	35	42	16	1	27	1	16	19	27	35	42	41
75		23	五	42	5	17	43	21	19	5	17	19	21	42	43	16
76		27	二	8	4	1	45	10	47	1	4	8	10	45	47	41
77		30	五	42	6	26	44	48	35	6	26	35	42	44	48	7
78	9	3	二	32	25	11	13	33	48	11	13	25	32	33	48	31
79		6	五	43	14	20	19	26	2	2	14	19	20	26	43	23
80		10	二	12	17	20	38	29	3	3	12	17	20	29	38	47
81		13	五	15	7	37	27	2	39	2	7	15	27	37	39	43
82		17	二	41	40	48	29	12	18	12	18	29	40	41	48	24
83		20	五	8	31	24	34	23	17	8	17	23	24	31	34	25
84		24	二	39	18	20	22	16	2	2	16	18	20	22	39	21
85		27	五	37	10	21	26	35	25	10	21	25	26	35	37	4
86	10	1	二	2	20	15	49	12	9	2	9	12	15	20	49	40
87		4	五	48	23	33	10	21	42	10	21	23	33	42	48	41
88		8	二	18	34	21	13	26	7	7	13	18	21	26	34	8
89		11	五	7	37	21	17	12	30	7	12	17	21	30	37	49
90		15	二	13	21	38	28	37	35	13	21	28	35	37	38	33
91		18	五	36	40	39	32	23	3	3	23	32	36	39	40	49
92		22	二	22	23	17	32	6	42	6	17	22	23	32	42	13
93		25	五	3	26	8	36	14	16	3	8	14	16	26	36	41
94		29	二	10	12	41	36	3	23	3	10	12	23	36	41	18
95	11	1	五	41	42	33	23	15	12	12	15	23	33	41	42	11
96		5	二	22	37	13	42	9	40	9	13	22	37	40	42	26
97		8	五	9	47	3	26	40	1	1	3	9	26	40	47	15
98		12	二	19	27	25	40	1	31	1	19	25	27	31	40	12
99		15	五	44	16	11	3	26	6	3	6	11	16	26	44	31
100		19	二	38	35	5	15	30	47	5	15	30	35	38	47	18
101		22	五	3	23	18	26	24	49	3	18	23	24	26	49	32
102		26	二	19	8	10	15	36	45	8	10	15	19	36	45	37
103		29	五	21	30	10	24	45	35	10	21	24	30	35	45	22
104	12	3	二	9	36	11	5	45	15	5	9	11	15	36	45	27
105		6	五	24	22	16	23	41	18	16	18	22	23	24	41	39
106		10	二	48	41	18	19	8	3	3	8	18	19	41	48	36
107		13	五	12	49	7	26	31	37	7	12	26	31	37	49	17
108		17	二	21	38	27	49	31	9	9	21	27	31	38	49	3
																
108																
期別	月	日	星期	落 球 號 碼						順 序 號 碼						特別號
109	12	20	五	28	16	46	21	22	32	16	21	22	28	32	46	24
110		24	二	18	48	31	45	9	49	9	18	31	45	48	49	22
111		27	五	17	25	18	32	45	43	17	18	25	32	43	45	5
112		31	二	14	38	26	39	47	10	10	14	26	38	39	47	8
																
																
																
																
																
																
																
																
																
																
																
																
																
																
																
																
																
																
																
																
																
																
																
																
																
																
																
																
																
																
																
																
																
109																
期別	月	日	星期	落 球 號 碼						順 序 號 碼						特別號
1	1	3	五	18	16	29	19	30	47	16	18	19	29	30	47	10
2		7	二	1	38	16	15	5	8	1	5	8	15	16	38	7
3		10	五	38	4	12	33	17	7	4	7	12	17	33	38	11
4		14	二	7	38	34	37	47	20	7	20	34	37	38	47	18
5		17	五	20	45	7	42	9	44	7	9	20	42	44	45	8
6		21	二	30	38	17	48	44	22	17	22	30	38	44	48	36
7		23	四	13	48	18	30	44	23	13	18	23	30	44	48	37
8		24	五	21	18	7	44	13	38	7	13	18	21	38	44	3
9		25	六	5	16	45	13	41	31	5	13	16	31	41	45	9
10		26	日	3	29	28	35	41	47	3	28	29	35	41	47	48
11		27	一	9	33	45	12	23	39	9	12	23	33	39	45	24
12		28	二	20	28	3	38	13	2	2	3	13	20	28	38	40
13		29	三	14	15	1	4	9	49	1	4	9	14	15	49	32
14		30	四	46	35	24	49	41	6	6	24	35	41	46	49	9
15		31	五	16	19	49	32	28	14	14	16	19	28	32	49	1
16	2	1	六	26	20	34	12	10	2	2	10	12	20	26	34	28
17		2	日	17	16	3	33	37	30	3	16	17	30	33	37	29
18		4	二	28	3	23	48	37	27	3	23	27	28	37	48	8
19		7	五	19	42	5	15	22	30	5	15	19	22	30	42	31
20		11	二	22	43	9	37	46	23	9	22	23	37	43	46	38
21		14	五	33	13	36	35	23	7	7	13	23	33	35	36	9
22		18	二	13	31	42	4	37	35	4	13	31	35	37	42	49
23		21	五	13	15	34	39	35	27	13	15	27	34	35	39	31
24		25	二	2	48	47	8	1	44	1	2	8	44	47	48	9
25		28	五	2	18	9	48	46	27	2	9	18	27	46	48	25
26	3	3	二	8	28	17	11	40	10	8	10	11	17	28	42	40
27		6	五	16	13	15	30	8	12	8	12	13	15	16	30	45
28		10	二	1	12	34	37	4	25	1	4	12	25	34	37	42
29		13	五	14	33	34	22	49	32	14	22	32	33	34	49	31
30		17	二	17	29	28	10	47	43	10	17	28	29	43	47	4
31		20	五	13	43	1	8	48	46	1	8	13	43	46	48	29
32		24	二	45	12	10	29	41	16	10	12	16	29	41	45	1
33		27	五	49	8	23	2	16	10	2	8	10	16	23	49	41
34		31	二	49	6	26	21	36	34	6	21	26	34	36	49	23
35	4	3	五	2	45	32	43	47	17	2	17	32	43	45	47	34
36		7	二	4	27	44	12	18	7	4	7	12	18	27	44	23
																
109																
期別	月	日	星期	落 球 號 碼						順 序 號 碼						特別號
37	4	10	五	13	47	33	48	41	49	13	33	41	47	48	49	1
38		14	二	19	26	33	45	17	21	17	19	21	26	33	45	12
39		17	五	33	31	1	21	44	42	1	21	31	33	42	44	22
40		21	二	29	47	1	2	45	33	1	2	29	33	45	47	39
41		24	五	39	7	14	17	15	10	7	10	14	15	17	39	45
42		28	二	48	29	16	39	43	36	16	29	36	39	43	48	42
43	5	1	五	18	49	34	48	5	25	5	18	25	34	48	49	45
44		5	二	24	19	49	43	36	17	17	19	24	36	43	49	26
45		8	五	9	8	24	10	27	31	8	9	10	24	27	31	33
46		12	二	35	1	8	36	5	11	1	5	8	11	35	36	26
47		15	五	45	40	31	6	11	42	6	11	31	40	42	45	43
48		19	二	40	27	33	43	44	32	27	32	33	40	43	44	37
49		22	五	13	3	46	7	10	39	3	7	10	13	39	46	29
50		26	二	29	25	38	1	33	5	1	5	25	29	33	38	19
51		29	五	31	49	45	40	39	35	31	35	39	40	45	49	41
52	6	2	二	1	6	22	33	48	25	1	6	22	25	33	48	19
53		5	五	3	26	8	49	5	24	3	5	8	24	26	49	19
54		9	二	28	35	47	17	36	8	8	17	28	35	36	47	41
55		12	五	48	33	28	1	30	6	1	6	28	30	33	48	27
56		16	二	46	13	6	20	23	29	6	13	20	23	29	46	42
57		19	五	25	1	16	46	15	43	1	15	16	25	43	46	6
58		23	二	16	45	27	1	22	2	1	2	16	22	27	45	13
59		26	五	10	41	37	12	16	40	10	12	16	37	40	41	5
60		30	二	31	29	49	43	46	26	26	29	31	43	46	49	6
61	7	3	五	24	40	20	19	13	45	13	19	20	24	40	45	33
62		7	二	46	4	44	34	22	17	4	17	22	34	44	46	13
63		10	五	5	4	22	48	27	46	4	5	22	27	46	49	41
64		14	二	49	29	32	10	4	24	4	10	24	29	32	49	43
65		17	五	30	25	15	5	41	6	5	6	15	25	30	41	29
66		21	二	25	36	3	33	16	31	3	16	25	31	33	36	14
67		24	五	37	21	35	20	2	24	2	20	21	24	35	37	9
68		28	二	35	8	23	22	29	10	8	10	22	23	29	35	2
69		31	五	45	19	18	16	33	17	16	17	18	19	33	45	25
70	8	4	二	31	1	11	33	5	19	1	5	11	19	31	33	6
71		7	五	19	45	44	9	6	40	6	9	19	40	44	45	1
72		11	二	47	44	42	8	40	12	8	12	40	42	44	47	5
																
109																
期別	月	日	星期	落 球 號 碼						順 序 號 碼						特別號
73	8	14	五	33	31	25	16	24	20	16	20	24	25	31	33	37
74		18	二	47	22	30	43	4	45	4	22	30	43	45	47	15
75		21	五	5	40	45	14	46	44	5	14	40	44	45	46	32
76		25	二	46	2	23	48	28	35	2	23	28	35	46	48	33
77		28	五	23	13	36	14	19	22	13	14	19	22	23	36	24
78	9	1	二	8	6	43	38	2	1	1	2	6	8	38	43	24
79		4	五	13	39	2	43	9	11	2	9	11	13	39	43	35
80		8	二	26	2	20	1	48	9	1	2	9	20	26	48	36
81		11	五	29	39	26	1	49	48	1	26	29	39	48	49	9
82		15	二	29	32	48	7	37	16	7	16	29	32	37	48	21
83		18	五	29	32	44	43	30	3	3	29	30	32	43	44	35
84		22	二	4	5	24	8	3	29	3	4	5	8	24	39	7
85		25	五	10	39	48	36	31	35	10	31	35	36	39	48	27
86		29	二	33	7	42	47	8	1	1	7	8	33	42	47	31
87	10	2	五	16	11	24	26	15	18	11	15	16	18	24	26	46
88		6	二	23	4	22	5	30	40	4	5	22	23	34	40	37
89		9	五	47	42	25	19	2	7	2	7	19	25	42	47	6
90		13	二	27	15	39	1	3	41	1	3	15	27	39	41	20
91		16	五	7	44	28	25	47	33	7	25	28	33	44	47	19
92		20	二	5	28	39	17	18	30	5	17	18	28	30	39	13
93		23	五	35	3	20	25	9	26	3	9	20	25	26	35	39
94		27	二	2	9	30	28	32	19	2	9	19	28	30	32	35
95		30	五	6	13	10	45	19	40	6	10	13	19	40	45	7
96	11	3	二	32	11	15	6	30	44	6	11	15	30	32	44	29
97		6	五	9	39	44	25	46	5	5	9	25	39	44	46	2
98		10	二	28	29	17	5	21	19	5	17	19	21	28	29	43
99		13	五	12	29	9	15	7	25	7	9	12	15	25	29	47
100		17	二	20	18	6	38	14	41	6	14	18	20	38	41	29
101		20	五	35	27	29	16	37	48	16	27	29	35	37	48	31
102		24	二	45	29	36	5	38	44	5	29	36	38	44	45	23
103		27	五	35	30	26	19	1	48	1	19	26	30	35	48	11
104	12	1	二	37	4	49	44	29	22	4	22	29	37	44	49	30
105		4	五	13	2	27	30	44	41	2	13	27	30	41	44	40
106		8	二	15	2	31	4	10	45	2	4	10	15	31	45	17
107		11	五	37	36	42	43	17	8	8	17	36	37	42	43	34
108		15	二	21	48	2	6	43	17	2	6	17	21	43	48	41
																
109																
期別	月	日	星期	落 球 號 碼						順 序 號 碼						特別號
109	12	18	五	30	26	2	24	41	11	2	11	24	26	30	41	1
110		22	二	31	22	20	30	45	25	20	22	25	30	31	45	2
111		25	五	30	29	5	6	1	19	1	5	6	19	29	30	39
112		29	二	33	34	10	39	14	35	10	14	33	34	35	39	40
																
																
																
																
																
																
																
																
																
																
																
																
																
																
																
																
																
																
																
																
																
																
																
																
																
																
																
																
																
																
																
																
																
110																
期別	月	日	星期	落 球 號 碼						順 序 號 碼						特別號
1	1	1	五	37	46	41	5	49	42	5	37	41	42	46	49	18
2		5	二	17	8	43	20	13	48	8	13	17	20	43	48	38
3		8	五	4	43	26	47	18	24	4	18	24	26	43	47	33
4		12	二	28	10	1	20	44	37	1	10	20	28	37	44	33
5		15	五	44	4	8	3	11	42	3	4	8	11	42	44	21
6		19	二	29	31	15	33	47	41	15	29	31	33	41	47	37
7		22	五	45	30	7	34	46	36	7	30	34	36	45	46	43
8		26	二	8	20	23	43	46	37	8	20	23	37	43	46	44
9		29	五	40	22	14	31	30	39	14	22	30	31	39	40	49
10	2	2	二	47	38	14	34	35	43	14	34	35	38	43	47	40
11		5	五	9	19	5	33	35	31	5	9	19	31	33	35	32
12		9	二	43	12	6	27	1	3	1	3	6	12	27	43	2
13		10	三	3	42	41	18	34	24	3	18	24	34	41	42	37
14		11	四	18	7	41	47	17	26	7	17	18	26	41	47	39
15		12	五	6	10	48	44	12	5	5	6	10	12	44	48	36
16		13	六	43	40	13	30	46	37	13	30	37	40	43	46	5
17		14	日	17	45	16	38	12	1	1	12	16	17	38	45	32
18		15	一	40	10	8	33	4	18	4	8	10	18	33	40	2
19		16	二	46	9	37	11	12	1	1	9	11	12	37	46	43
20		17	三	26	49	13	24	45	2	2	13	24	26	45	49	10
21		18	四	9	3	48	1	42	41	1	3	9	41	42	48	27
22		19	五	45	28	2	36	40	31	2	28	31	36	40	45	24
23		20	六	10	6	47	26	11	1	1	6	10	11	26	47	22
24		21	日	18	32	25	27	39	9	9	18	25	27	32	39	40
25		23	二	20	6	18	42	1	19	1	6	18	19	20	42	43
26		26	五	23	42	13	22	39	4	4	13	22	23	39	42	26
27	3	2	二	30	27	11	24	7	5	5	7	11	24	27	30	12
28		5	五	29	38	6	8	48	14	6	8	14	29	38	48	35
29		9	二	8	36	9	13	29	46	8	9	13	29	36	46	23
30		12	五	8	26	46	21	33	30	8	21	26	30	33	46	45
31		16	二	30	19	43	24	22	8	8	19	22	24	30	43	13
32		19	五	19	38	7	48	28	35	7	19	28	35	38	48	8
33		23	二	49	28	45	2	15	43	2	15	28	43	45	49	35
34		26	五	15	37	30	21	24	38	15	21	24	30	37	38	34
35		30	二	22	17	23	31	25	33	17	22	23	25	31	33	3
36	4	2	五	21	42	25	40	30	17	17	21	25	30	40	42	26
																
110																
期別	月	日	星期	落 球 號 碼						順 序 號 碼						特別號
37	4	6	二	22	1	38	28	34	26	1	22	26	28	34	38	35
38		9	五	18	6	35	9	29	25	6	9	18	25	29	35	46
39		13	二	35	11	31	25	42	32	11	25	31	32	35	42	41
40		16	五	21	46	33	10	16	7	7	10	16	21	33	46	2
41		20	二	5	15	9	7	26	24	5	7	9	15	24	26	13
42		23	五	37	20	23	46	18	32	18	20	23	32	37	46	39
43		27	二	20	8	23	39	34	5	5	8	20	23	34	39	31
44		30	五	47	22	4	46	42	14	4	14	22	42	46	47	21
45	5	4	二	27	19	37	15	17	5	5	15	17	19	27	37	42
46		7	五	26	12	36	35	22	49	12	22	26	35	36	49	32
47		11	二	35	7	42	5	27	9	5	7	9	27	35	42	19
48		14	五	14	48	43	30	2	13	2	13	14	30	43	48	17
49		18	二	11	43	18	35	15	16	11	15	16	18	35	43	46
50		21	五	29	2	25	27	4	26	2	4	25	26	27	29	41
51		25	二	44	48	38	46	31	15	15	31	38	44	46	48	21
52		28	五	46	43	4	23	18	12	4	12	18	23	43	46	7
53	6	1	二	26	41	9	1	2	35	1	2	9	26	35	41	46
54		4	五	28	32	24	41	7	8	7	8	24	28	32	41	10
55		8	二	36	6	38	26	4	47	4	6	26	36	38	47	43
56		11	五	7	27	44	23	9	16	7	9	16	23	27	44	46
57		15	二	9	11	34	45	41	23	9	11	23	34	41	45	49
58		18	五	18	43	22	41	2	25	2	18	22	25	41	43	14
59		22	二	45	43	27	17	48	14	14	17	27	43	45	48	41
60		25	五	4	37	1	38	41	9	1	4	9	37	38	41	40
61		29	二	23	38	25	1	30	45	1	23	25	30	38	45	14
62	7	2	五	29	4	25	9	11	27	4	9	11	25	27	29	22
63		6	二	42	25	44	19	32	13	13	19	25	32	42	44	2
64		9	五	29	3	13	27	26	24	3	13	24	26	27	29	9
65		13	二	33	9	14	48	17	23	9	14	17	23	33	48	4
66		16	五	39	16	19	13	17	44	13	16	17	19	39	44	42
67		20	二	32	8	49	1	44	41	1	8	32	41	44	49	23
68		23	五	38	31	7	15	24	23	7	15	23	24	31	38	9
69		27	二	3	46	43	42	30	28	3	28	30	42	43	46	15
70		30	五	2	46	43	29	19	15	2	15	19	29	43	46	23
71	8	3	二	27	17	30	42	38	44	17	27	30	38	42	44	24
72		6	五	39	32	3	29	4	15	3	4	15	29	32	39	38
																
110																
期別	月	日	星期	落 球 號 碼						順 序 號 碼						特別號
73	8	10	二	16	1	3	17	24	25	1	3	16	17	24	25	46
74		13	五	19	5	41	33	6	24	5	6	19	24	33	41	3
75		17	二	33	11	29	41	2	44	2	11	29	33	41	44	40
76		20	五	3	6	18	11	13	37	3	6	11	13	18	37	46
77		24	二	36	1	41	17	40	5	1	5	17	36	40	41	38
78		27	五	16	8	43	35	11	32	8	11	16	32	35	43	41
79		31	二	43	23	49	7	14	47	7	14	23	43	47	49	48
80	9	3	五	18	21	24	32	41	1	1	18	21	24	32	41	12
81		7	二	27	48	45	4	20	26	4	20	26	27	45	48	37
82		10	五	28	1	16	41	5	15	1	5	15	16	28	41	44
83		14	二	13	18	40	41	9	22	9	13	18	22	40	41	49
84		17	五	35	18	12	45	37	7	7	12	18	35	37	45	44
85		21	二	34	28	31	2	16	13	2	13	16	28	31	34	21
86		24	五	4	10	39	42	21	30	4	10	21	30	39	42	22
87		28	二	27	36	24	47	23	49	23	24	27	36	47	49	40
88	10	1	五	49	22	2	9	16	41	2	9	16	22	41	49	7
89		5	二	46	23	47	3	11	1	1	3	11	23	46	47	45
90		8	五	18	19	37	44	34	20	18	19	20	34	37	44	10
91		12	二	26	28	31	14	1	6	1	6	14	26	28	31	30
92		15	五	37	2	26	21	25	12	2	12	21	25	26	37	10
93		19	二	39	21	35	26	47	20	20	21	26	35	39	47	16
94		22	五	25	13	46	27	38	8	8	13	25	27	38	46	12
95		26	二	26	49	21	18	47	14	14	18	21	26	47	49	30
96		29	五	42	2	17	36	9	28	2	9	17	28	36	42	46
97	11	2	二	17	1	12	43	37	21	1	12	17	21	37	43	47
98		5	五	16	40	26	44	30	18	16	18	26	30	40	44	13
99		9	二	9	14	20	42	39	26	9	14	20	26	39	42	5
100		12	五	25	37	2	47	3	27	2	3	25	27	37	47	26
101		16	二	23	34	6	44	43	41	6	23	34	41	43	44	38
102		19	五	16	36	17	15	23	13	13	15	16	17	23	36	29
103		23	二	13	32	7	37	33	6	6	7	13	32	33	37	42
104		26	五	15	30	10	21	16	22	10	15	16	21	22	30	14
105		30	二	9	26	10	31	49	40	9	10	26	31	40	49	8
106	12	3	五	41	35	8	14	36	13	8	13	14	35	36	41	5
107		7	二	43	44	21	30	19	48	19	21	30	43	44	48	8
108		10	五	24	27	40	3	15	21	3	15	21	24	27	40	13
																
110																
期別	月	日	星期	落 球 號 碼						順 序 號 碼						特別號
109	12	14	二	30	14	7	21	36	27	7	14	21	27	30	36	43
110		17	五	35	11	2	40	37	30	2	11	30	35	37	40	13
111		21	二	27	44	31	48	5	4	4	5	27	31	44	48	33
112		24	五	19	27	11	2	44	7	2	7	11	19	27	44	22
113		28	二	11	1	2	21	8	45	1	2	8	11	21	45	16
114		31	五	14	34	5	37	9	28	5	9	14	28	34	37	35
																
																
																
																
																
																
																
																
																
																
																
																
																
																
																
																
																
																
																
																
																
																
																
																
																
																
																
																
																
																
																
111																
期別	月	日	星期	落 球 號 碼						順 序 號 碼						特別號
1	1	4	二	7	4	19	43	3	22	3	4	7	19	22	43	36
2		7	五	31	15	6	39	9	38	6	9	15	31	38	39	25
3		11	二	49	36	17	13	10	11	10	11	13	17	36	49	41
4		14	五	24	5	26	35	14	12	5	13	14	24	26	35	39
5		18	二	19	48	33	35	22	38	19	22	33	35	38	48	11
6		21	五	15	42	27	37	26	34	15	26	27	34	37	42	47
7		25	二	15	10	35	27	2	9	2	9	10	15	27	35	44
8		28	五	12	44	36	41	7	42	7	12	36	41	42	44	29
9		29	六	1	23	34	2	20	26	1	2	20	23	26	34	19
10		30	日	23	15	8	20	22	3	3	8	15	20	22	23	36
11		31	一	14	33	43	44	32	4	4	14	32	33	43	44	49
12	2	1	二	25	45	47	8	44	34	8	25	34	44	45	47	24
13		2	三	6	33	11	18	23	41	6	11	18	23	33	41	39
14		3	四	22	9	34	5	36	18	5	9	18	22	34	36	11
15		4	五	18	29	1	38	21	36	1	18	21	29	36	38	16
16		5	六	41	49	4	36	2	13	2	4	13	36	41	49	16
17		6	日	29	34	12	42	38	24	12	24	29	34	38	42	33
18		7	一	32	45	18	3	23	40	3	18	23	32	40	45	38
19		8	二	23	33	38	49	29	5	5	23	29	33	38	49	24
20		9	三	11	35	2	45	7	18	2	7	11	18	35	45	25
21		10	四	41	25	27	44	22	1	1	22	25	27	41	44	3
22		11	五	46	44	24	30	23	42	23	24	30	42	44	46	48
23		15	二	18	42	26	40	23	27	18	23	26	27	40	42	3
24		18	五	47	36	48	16	39	20	16	20	36	39	47	48	35
25		22	二	22	3	37	21	40	34	3	21	22	34	37	40	5
26		25	五	17	26	18	38	49	21	17	18	21	26	38	49	20
27	3	1	二	7	19	31	24	45	17	7	17	19	24	31	45	38
28		4	五	1	3	31	30	29	18	1	3	18	29	30	31	26
29		8	二	44	19	13	16	14	30	13	14	16	19	30	44	20
30		11	五	4	24	8	15	3	21	3	4	8	15	21	24	29
31		15	二	47	46	1	33	31	37	1	31	33	37	46	47	36
32		18	五	42	44	26	15	2	21	2	15	21	26	42	44	45
33		22	二	49	26	36	21	43	7	7	21	26	36	43	49	16
34		25	五	45	47	49	14	22	17	14	17	22	45	47	49	26
35		29	二	43	16	29	24	27	21	16	21	24	27	29	43	41
36	4	1	五	38	20	11	34	3	10	3	10	11	20	34	38	4
																
111																
期別	月	日	星期	落 球 號 碼						順 序 號 碼						特別號
37	4	5	二	27	33	24	31	8	15	8	15	24	27	31	33	13
38		8	五	29	10	44	15	31	19	10	15	19	29	31	44	23
39		12	二	18	22	17	40	42	14	14	17	18	22	40	42	37
40		15	五	2	30	9	11	14	15	2	9	11	14	15	30	22
41		19	二	20	18	30	5	41	4	4	5	18	20	30	41	23
42		22	五	28	32	47	49	36	3	3	28	32	36	47	49	16
43		26	二	42	31	49	32	12	43	12	31	32	42	43	49	36
44		29	五	12	44	25	48	18	14	12	14	18	25	44	48	45
45	5	3	二	23	14	21	19	18	16	14	16	18	19	21	23	3
46		6	五	49	1	5	28	45	19	1	5	19	28	45	49	29
47		10	二	11	48	2	32	24	20	2	11	20	24	32	48	27
48		13	五	36	24	37	10	48	27	10	24	27	36	37	48	29
49		17	二	37	9	28	22	29	34	9	22	28	29	34	37	36
50		20	五	12	5	22	8	49	42	5	8	12	22	42	49	46
51		24	二	24	19	45	35	46	4	4	19	24	35	45	46	2
52		27	五	18	4	11	39	46	37	4	11	18	37	39	46	27
53		31	二	11	25	28	17	10	27	10	11	17	25	27	28	31
54	6	3	五	48	42	43	4	39	11	4	11	39	42	43	48	44
55		7	二	31	19	4	18	17	44	4	17	18	19	31	44	46
56		10	五	5	38	10	13	28	29	5	10	13	28	29	38	34
57		14	二	29	3	9	47	28	20	3	9	20	28	29	47	35
58		17	五	46	28	30	7	47	11	7	11	28	30	46	47	48
59		21	二	20	34	14	41	3	44	3	14	20	34	41	44	43
60		24	五	29	40	43	3	26	18	3	18	26	29	40	43	13
61		28	二	21	25	41	45	42	24	21	24	25	41	42	45	34
62	7	1	五	43	29	20	34	14	32	14	20	29	32	34	43	2
63		5	二	45	26	47	8	38	3	3	8	26	38	45	47	35
64		8	五	35	5	9	15	44	40	5	9	15	35	40	44	10
65		12	二	17	14	7	20	29	45	7	14	17	20	29	45	30
66		15	五	14	41	15	49	27	43	14	15	27	41	43	49	39
67		19	二	41	40	9	29	16	23	9	16	23	29	40	41	43
68		22	五	12	30	38	24	11	33	11	12	24	30	33	38	31
69		26	二	10	27	39	17	29	12	10	12	17	27	29	39	47
70		29	五	37	12	21	18	19	33	12	18	19	21	33	37	15
71	8	2	二	29	37	2	26	28	48	2	26	28	29	37	48	5
72		5	五	30	18	46	21	5	43	5	18	21	30	43	46	26
																
111																
期別	月	日	星期	落 球 號 碼						順 序 號 碼						特別號
73	8	9	二	33	11	30	21	9	23	9	11	21	23	30	33	34
74		12	五	4	21	7	37	15	43	4	7	15	21	37	43	5
75		16	二	18	31	11	16	7	1	1	7	11	16	18	31	24
76		19	五	3	4	28	41	21	10	3	4	10	21	28	41	15
77		23	二	47	25	24	6	49	23	6	23	24	25	47	49	5
78		26	五	16	30	42	38	4	17	4	16	17	30	38	42	5
79		30	二	16	8	5	27	45	35	5	8	16	27	35	45	37
80	9	2	五	23	36	45	43	25	20	20	23	25	36	43	45	38
81		6	二	49	32	36	26	38	35	26	32	35	36	38	49	39
82		9	五	36	7	17	39	28	15	7	15	17	28	36	39	1
83		13	二	10	34	21	15	48	7	7	10	15	21	34	48	38
84		16	五	2	31	44	7	6	27	2	6	7	27	31	44	28
85		20	二	35	13	11	29	24	43	11	13	24	29	35	43	1
86		23	五	48	12	30	44	2	31	2	12	30	31	44	48	46
87		27	二	34	43	40	17	10	28	10	17	28	34	40	43	29
88		30	五	34	39	28	5	12	18	5	12	18	28	34	39	24
89	10	4	二	49	43	14	23	34	13	13	14	23	34	43	49	44
90		7	五	26	15	16	5	30	10	5	10	15	16	26	30	12
91		11	二	1	42	46	23	3	25	1	3	23	25	42	46	2
92		14	五	25	32	36	1	11	13	1	11	13	25	32	36	30
93		18	二	27	38	39	1	47	14	1	14	27	38	39	47	49
94		21	五	20	49	36	37	42	11	11	20	36	37	42	49	3
95		25	二	43	48	32	49	18	36	18	32	36	43	48	49	23
96		28	五	32	23	25	17	18	19	17	18	19	23	25	32	26
97	11	1	二	32	34	17	24	28	40	17	24	28	32	34	40	3
98		4	五	36	23	21	30	11	47	11	21	23	30	36	47	6
99		8	二	47	39	37	44	15	18	15	18	37	39	44	47	43
100		11	五	36	20	10	48	19	2	2	10	19	20	36	48	37
101		15	二	26	34	29	19	20	39	19	20	26	29	34	39	4
102		18	五	37	44	10	27	17	45	10	17	27	37	44	45	22
103		22	二	48	13	5	27	24	18	5	13	18	24	27	48	32
104		25	五	26	35	14	20	41	15	14	15	20	26	35	41	36
105		29	二	37	46	49	34	6	21	6	21	34	37	46	49	18
106	12	2	五	28	40	45	41	8	22	8	22	28	40	41	45	34
107		6	二	27	42	15	10	39	32	10	15	27	32	39	42	28
108		9	五	48	22	40	45	16	10	10	16	22	40	45	48	31
																
111																
期別	月	日	星期	落 球 號 碼						順 序 號 碼						特別號
109	12	13	二	33	9	47	14	12	6	6	9	12	14	33	47	34
110		16	五	12	49	40	11	6	47	6	11	12	40	47	49	28
111		20	二	3	4	29	16	32	12	3	4	12	16	29	32	39
112		23	五	39	35	32	13	34	9	9	13	32	34	35	39	1
113		27	二	16	3	11	21	22	39	3	11	16	21	22	39	4
114		30	五	46	5	8	17	20	14	5	8	14	17	20	46	7
																
																
																
																
																
																
																
																
																
																
																
																
																
																
																
																
																
																
																
																
																
																
																
																
																
																
																
																
																
																
																
112																
期別	月	日	星期	落 球 號 碼						順 序 號 碼						特別號
1	1	3	二	39	2	8	19	24	4	2	4	8	19	24	39	28
2		6	五	29	43	22	36	46	19	19	22	29	36	43	46	30
3		10	二	30	41	22	42	15	21	15	21	22	30	41	42	24
4		13	五	23	5	24	44	21	40	5	21	23	24	40	44	17
5		17	二	17	42	23	36	5	23	5	17	23	24	36	42	16
6		20	五	27	34	25	16	42	31	16	25	27	31	34	42	6
7		21	六	23	16	5	25	1	21	1	5	16	21	23	25	30
8		22	日	22	10	27	8	29	6	6	8	10	22	27	29	23
9		23	一	23	35	7	34	10	18	7	10	18	23	34	35	9
10		24	二	20	30	32	2	18	4	2	4	18	20	30	32	10
11		25	三	3	27	8	24	23	2	2	3	8	23	24	27	14
12		26	四	40	10	42	13	21	12	10	12	13	21	40	42	49
13		27	五	28	4	13	33	38	39	4	13	28	33	38	39	42
14		28	六	23	30	1	19	48	35	1	19	23	30	35	48	45
15		29	日	27	2	9	15	8	31	2	8	9	15	27	31	42
16		30	一	18	41	43	39	23	7	7	18	23	39	41	43	25
17		31	二	33	26	1	36	40	42	1	26	33	36	40	42	37
18	2	1	三	33	19	8	5	23	46	5	8	19	23	33	46	48
19		2	四	8	31	45	13	21	19	8	13	19	21	31	45	37
20		3	五	44	25	29	14	3	45	3	14	25	29	44	45	46
21		4	六	22	20	14	2	21	49	2	14	20	21	22	49	38
22		5	日	33	5	19	42	38	25	5	19	25	33	38	42	41
23		7	二	8	28	3	18	47	11	3	8	11	18	28	47	5
24		10	五	24	7	46	28	11	33	7	11	24	28	33	46	3
25		14	二	30	31	23	11	22	49	11	22	23	30	31	49	14
26		17	五	9	7	14	16	33	26	7	9	14	16	26	33	27
27		21	二	11	46	6	5	26	1	1	5	6	11	26	46	41
28		24	五	48	39	15	40	38	45	15	38	39	40	45	48	2
29		28	二	2	35	11	26	27	25	2	11	25	26	27	35	10
30	3	3	五	16	18	34	13	42	22	13	16	18	22	34	42	14
31		7	二	23	41	17	32	25	13	13	17	23	25	32	41	16
32		10	五	32	19	40	29	39	15	15	19	29	32	39	40	35
33		14	二	3	20	37	12	11	4	3	4	11	12	20	37	5
34		17	五	10	24	6	7	40	29	6	7	10	24	29	40	16
35		21	二	30	20	3	45	11	41	3	11	23	30	41	45	28
36		24	五	2	14	40	26	34	46	2	14	26	34	40	46	13
																
112																
期別	月	日	星期	落 球 號 碼						順 序 號 碼						特別號
37		28	二	10	3	35	37	26	44	3	10	26	35	37	44	15
38		31	五	26	10	47	22	45	29	10	22	26	29	45	47	41
39	4	4	二	35	10	47	33	19	21	10	19	21	33	35	47	9
40		7	五	39	32	20	11	4	25	4	11	20	25	32	39	30
41		11	二	31	12	37	9	33	30	9	12	30	31	33	37	25
42		14	五	22	35	23	49	10	46	10	22	23	35	46	49	2
43		18	二	6	41	28	43	10	8	6	8	10	28	41	43	45
44		21	五	27	43	25	7	11	23	7	11	23	25	27	43	5
45		25	二	41	5	27	13	12	28	5	12	13	27	28	41	37
46		28	五	31	38	5	41	43	47	5	31	38	41	43	47	28
47	5	2	二	37	9	14	42	8	46	8	9	14	37	42	46	10
48		5	五	48	16	10	21	19	13	10	13	16	19	21	48	30
49		9	二	1	22	21	44	31	29	1	21	22	29	31	44	3
50		12	五	18	9	48	7	2	20	2	7	9	18	20	48	14
51		16	二	19	38	43	1	34	26	1	19	26	34	38	43	48
52		19	五	5	44	38	8	9	35	5	8	9	35	38	44	31
53		23	二	23	20	46	5	38	44	5	20	23	38	44	46	33
54		26	五	36	5	30	15	10	12	5	10	12	15	30	36	26
55		30	二	43	45	6	5	9	29	5	6	9	29	43	45	27
56	6	2	五	13	5	34	1	23	16	1	5	13	16	23	34	49
57		6	二	30	43	27	41	13	8	8	13	27	30	41	43	18
58		9	五	46	38	49	36	32	30	30	32	36	38	46	49	26
59		13	二	9	21	8	1	10	6	1	6	8	9	10	21	2
60		16	五	2	30	21	33	41	22	2	21	22	30	33	41	42
61		20	二	41	32	15	37	5	34	5	15	32	34	37	41	11
62		23	五	23	31	8	49	42	4	4	8	23	31	42	49	16
63		27	二	13	30	37	43	44	24	13	24	30	37	43	44	4
64		30	五	26	6	22	29	32	43	6	22	26	29	32	43	38
65	7	4	二	41	6	15	24	12	16	6	12	15	16	24	41	21
66		7	五	24	21	3	33	15	6	3	6	15	21	24	33	14
67		11	二	48	26	49	21	10	34	10	21	26	34	48	49	39
68		14	五	17	15	10	33	34	45	10	15	17	33	34	45	36
69		18	二	34	19	4	40	5	16	4	5	16	19	34	40	10
70		21	五	3	15	35	41	49	39	3	15	35	39	41	49	38
71		25	二	17	33	40	12	28	45	12	17	28	33	40	45	39
72		28	五	3	22	25	34	44	1	1	3	22	25	34	44	32
																
112																
期別	月	日	星期	落 球 號 碼						順 序 號 碼						特別號
73	8	1	二	11	38	26	37	40	41	11	26	37	38	40	41	28
74		4	五	38	21	10	6	34	41	6	10	21	34	38	41	47
75		8	二	26	45	28	30	41	11	11	26	28	30	41	45	22
76		11	五	8	27	47	34	39	38	8	27	34	38	39	47	30
77		15	二	43	30	34	10	26	22	10	22	26	30	34	43	41
78		18	五	19	41	21	45	13	24	13	19	21	24	41	45	44
79		22	二	43	34	2	19	26	46	2	19	26	34	43	46	31
80		25	五	33	2	20	10	46	31	2	10	20	31	33	36	24
81		29	二	6	22	7	42	10	41	6	7	10	22	41	42	31
82	9	1	五	49	26	34	45	1	19	1	19	26	34	45	49	37
83		5	二	14	12	34	48	32	40	12	14	32	34	40	48	39
84		8	五	20	34	14	33	23	40	14	20	23	33	34	40	24
85		12	二	21	26	33	34	22	35	21	22	26	33	34	35	46
86		15	五	16	19	39	30	37	12	12	16	19	30	37	39	14
87		19	二	35	41	16	24	3	37	3	16	24	35	37	41	27
88		22	五	43	13	32	36	2	38	2	13	32	36	38	43	34
89		26	二	37	39	38	9	14	26	9	14	26	37	38	39	8
90		29	五	18	9	35	48	38	6	6	9	18	35	38	48	25
91	10	3	二	29	31	22	40	3	44	3	22	29	31	40	44	48
92		6	五	6	49	21	30	27	16	6	16	21	27	30	49	26
93		10	二	8	48	3	34	17	33	3	8	17	33	34	48	11
94		13	五	13	1	9	14	30	28	1	9	13	14	28	30	31
95	 	17	二	34	5	12	24	20	13	5	12	13	20	24	34	27
96		20	五	32	37	40	39	38	44	32	37	38	39	40	44	24
97		24	二	34	43	49	29	41	7	7	29	34	41	43	49	22
98		27	五	28	31	22	27	6	15	6	15	22	27	28	31	24
99		31	二	36	47	18	2	10	42	2	10	18	36	42	47	24
100	11	3	五	48	24	20	8	28	40	8	20	24	28	40	48	3
101		7	二	21	7	47	44	8	41	7	8	21	41	44	47	13
102		10	五	31	6	11	4	8	2	2	4	6	8	11	31	26
103		14	二	6	43	38	12	30	15	6	12	15	30	38	43	41
104		17	五	31	40	15	30	45	34	15	30	31	34	40	45	47
105		21	二	30	37	21	47	26	16	16	21	26	30	37	47	31
106		24	五	16	20	43	9	48	42	9	16	20	42	43	48	2
107		28	二	44	18	33	12	27	23	12	18	23	27	33	44	39
108	12	1	五	40	4	23	18	15	47	4	15	18	23	40	47	42
																
112																
期別	月	日	星期	落 球 號 碼						順 序 號 碼						特別號
109	12	5	二	48	42	30	10	14	38	10	14	30	38	42	48	37
110		8	五	5	27	8	28	29	22	5	8	22	27	28	29	16
111		12	二	20	6	46	30	38	33	6	20	30	33	38	46	16
112		15	五	28	39	1	22	33	9	1	9	22	28	33	39	7
113		19	二	20	48	14	26	18	38	14	18	20	26	38	48	2
114		22	五	49	35	20	34	9	8	8	9	20	34	35	49	40
115		26	二	29	19	46	28	8	30	8	19	28	29	30	46	10
116		29	五	31	46	11	39	23	1	1	11	23	31	39	46	17
																
																
																
																
																
																
																
																
																
																
																
																
																
																
																
																
																
																
																
																
																
																
																
																
																
																
																
																
																
113																
期別	月	日	星期	落 球 號 碼						順 序 號 碼						特別號
1	1	2	二	4	18	21	14	38	36	4	14	18	21	36	38	1
2		5	五	47	30	2	20	35	23	2	20	23	30	35	47	40
3		9	二	44	31	37	12	29	49	12	29	31	37	44	49	3
4		12	五	29	42	46	38	4	25	4	25	29	38	42	46	6
5		16	二	21	1	3	40	20	36	1	3	20	21	36	40	44
6		19	五	1	19	46	31	7	3	1	3	7	19	31	46	40
7		23	二	17	2	27	26	47	14	2	14	17	26	27	47	4
8		26	五	46	2	20	34	47	11	2	11	20	34	46	47	40
9		30	二	40	19	30	38	7	45	7	19	30	38	40	45	27
10	2	2	五	39	25	9	38	35	5	5	9	25	35	38	39	24
11		6	二	23	26	19	40	14	34	14	19	23	26	34	40	5
12		7	三	31	20	22	37	35	34	20	22	31	34	35	37	7
13		8	四	39	8	25	31	47	5	5	8	25	31	39	47	22
14		9	五	3	30	16	20	7	25	3	7	16	20	25	30	37
15		10	六	13	28	11	6	5	34	5	6	11	13	28	34	4
16		11	日	23	13	29	45	11	44	11	13	23	29	44	45	27
17		12	一	22	46	37	47	49	16	16	22	37	46	47	49	4
18	2	13	二	39	6	3	47	44	2	2	3	6	39	44	47	34
19		14	三	39	12	26	19	7	32	7	12	19	26	32	39	44
20		15	四	18	8	19	20	4	33	4	8	18	19	20	33	3
21		16	五	24	45	43	42	33	19	19	24	33	42	43	45	16
22		17	六	40	27	4	20	32	5	4	5	20	27	32	40	6
23		18	日	36	32	44	12	24	6	6	12	24	32	36	44	45
24		19	一	2	48	17	32	38	10	2	10	17	32	38	48	8
25		20	二	17	27	8	34	46	6	6	8	17	27	34	46	25
26		21	三	25	31	43	27	21	13	13	21	25	27	31	43	47
27		22	四	18	9	31	46	39	11	9	11	18	31	39	46	5
28		23	五	3	49	8	9	34	21	3	8	9	21	34	49	22
29		24	六	21	8	48	46	27	15	8	15	21	27	46	48	31
30		27	二	42	15	7	41	17	29	7	15	17	29	41	42	28
31	3	1	五	30	47	1	29	39	46	1	29	30	39	46	47	17
32		5	二	10	26	15	38	24	21	10	15	21	24	26	38	37
33		8	五	40	26	29	27	7	36	7	26	27	29	36	40	32
34		12	二	22	3	49	45	27	13	3	13	22	27	45	49	17
35		15	五	37	43	18	40	33	8	8	18	33	37	40	43	31
36		19	二	21	19	36	14	8	20	8	14	19	20	21	36	28
																
113																
期別	月	日	星期	落 球 號 碼						順 序 號 碼						特別號
37	3	22	五	48	4	38	40	41	16	4	16	38	40	41	48	35
38		26	二	6	21	46	19	32	29	6	19	21	29	32	46	11
39		29	五	13	3	43	15	48	2	2	3	13	15	43	48	1
40	4	2	二	46	49	38	39	27	32	27	32	38	39	46	49	24
41		5	五	4	31	48	38	40	35	4	31	35	38	40	48	18
42		9	二	22	26	3	17	16	19	3	16	17	19	22	26	1
